133
133
133
133
133
133
133
133
133
133
133
133
133
133
133
133
133
133
133
133
133
128
124
123
123
123
121
121
117
111
119
115
120
128
142
157
166
167
158
150
153
164
171
175
171
158
140
123
108
106
86
79
70
65
62
58
51
38
26
10
-17
-55
-84
-98
-107
-112
-119
-123
-104
-103
-100
-106
-111
-108
-103
-98
-98
-107
-124
-149
-177
-199
-202
-190
-166
-145
-130
-103
-95
-84
-77
-71
-63
-59
-51
-35
-10
19
36
46
65
96
127
162
182
192
208
202
194
181
175
182
199
216
224
223
218
212
215
226
244
256
266
262
259
288
311
342
370
399
432
467
498
528
553
571
583
589
594
601
607
612
607
589
581
560
548
535
519
495
469
439
411
387
359
327
293
269
251
226
200
163
120
103
84
74
60
47
32
13
-9
-29
-43
-48
-50
-63
-80
-102
-121
-133
-147
-173
-190
-209
-206
-198
-191
-197
-207
-219
-232
-239
-244
-253
-266
-273
-266
-256
-244
-242
-250
-246
-256
-254
-253
-253
-260
-271
-283
-301
-320
-338
-342
-341
-333
-326
-328
-329
-330
-331
-317
-321
-317
-311
-299
-284
-272
-271
-273
-279
-289
-303
-316
-324
-321
-312
-291
-275
-271
-254
-252
-248
-250
-251
-254
-256
-257
-255
-258
-264
-274
-283
-288
-289
-285
-267
-246
-235
-217
-223
-224
-226
-225
-219
-208
-201
-204
-201
-192
-183
-176
-164
-150
-141
-133
-128
-128
-107
-97
-80
-62
-53
-47
-42
-39
-34
-24
-17
-19
-24
-31
-39
-54
-61
-63
-66
-48
-41
-37
-33
-27
-16
-1
16
20
24
28
27
26
27
36
54
74
85
83
95
98
107
112
119
131
143
149
151
151
156
161
156
142
128
116
105
87
55
42
29
34
50
65
76
83
81
69
48
28
15
8
3
-1
-21
-37
-39
-30
5
28
50
75
105
130
146
147
136
125
116
100
73
42
20
2
-9
-16
-29
-19
-25
-40
-65
-88
-108
-125
-136
-140
-144
-158
-163
-159
-143
-129
-126
-130
-132
-138
-119
-113
-106
-95
-84
-71
-60
-53
-54
-50
-45
-41
-43
-49
-60
-72
-80
-88
-99
-89
-89
-88
-86
-91
-95
-97
-97
-99
-102
-106
-108
-106
-97
-81
-82
-93
-101
-114
-103
-94
-87
-88
-98
-113
-122
-119
-107
-91
-71
-47
-26
-14
-5
-2
3
10
12
28
32
38
50
67
76
76
70
66
65
65
68
77
88
103
110
112
109
92
99
88
71
58
57
62
64
66
61
55
48
45
47
50
46
35
24
16
-4
-9
-19
-17
-13
-13
-17
-24
-22
-16
-8
-3
-1
-9
-25
-33
-31
-18
-1
-1
11
9
10
21
36
48
