152
152
152
152
152
152
152
152
152
152
152
152
152
152
152
152
152
152
152
152
152
156
165
172
178
177
168
157
150
151
162
168
166
177
176
183
185
192
196
193
179
162
145
132
121
107
90
78
68
64
52
33
31
17
9
-7
-26
-40
-47
-57
-67
-77
-90
-115
-151
-191
-212
-218
-209
-202
-198
-174
-166
-161
-165
-166
-165
-167
-174
-184
-187
-189
-192
-195
-198
-199
-203
-196
-191
-192
-171
-159
-142
-127
-115
-111
-119
-129
-140
-146
-143
-129
-118
-107
-97
-82
-55
-33
-22
12
42
71
82
75
63
59
71
90
108
121
134
147
161
168
175
188
201
210
228
226
226
227
229
234
240
250
264
282
291
285
278
278
283
282
282
279
270
283
287
287
276
258
240
224
210
193
171
148
124
100
78
53
26
5
-16
-38
-44
-66
-90
-106
-107
-97
-86
-82
-79
-75
-68
-63
-77
-104
-124
-133
-127
-113
-107
-91
-91
-87
-85
-85
-86
-83
-74
-61
-42
-31
-23
-16
-11
-10
-14
-15
-19
-30
-20
-19
-18
-22
-26
-28
-24
-17
-10
-1
8
14
10
8
11
13
18
24
17
19
5
1
6
18
27
28
28
16
2
-7
-4
3
5
1
-16
-36
-60
-95
-108
-125
-141
-158
-168
-164
-154
-146
-145
-149
-156
-157
-155
-157
-157
-165
-171
-168
-168
-148
-135
-119
-104
-98
-94
-97
-109
-126
-138
-145
-148
-149
-143
-132
-129
-127
-124
-138
-129
-123
-114
-106
-104
-100
-84
-64
-50
-40
-36
-33
-37
-41
-44
-47
-46
-46
-59
-38
-19
2
20
37
57
68
64
49
34
26
29
33
28
25
27
31
34
24
35
36
35
36
39
42
37
30
26
21
13
4
4
10
21
37
50
57
48
59
54
42
27
14
-3
-15
-20
-24
-23
-16
-2
12
25
34
40
40
43
29
32
28
27
25
24
22
19
17
19
16
6
-6
-15
-23
-23
-24
-29
-27
-30
-7
5
10
15
17
18
14
8
4
-2
-13
-17
-7
13
35
48
53
47
29
25
14
8
6
8
8
11
15
18
24
26
22
16
17
26
32
36
42
37
55
61
69
75
75
68
55
46
45
48
50
59
76
89
95
88
75
69
52
53
49
53
58
69
81
91
95
96
97
92
90
92
95
96
91
89
99
100
124
141
155
164
161
152
144
146
150
147
134
110
85
69
64
64
65
71
58
57
50
48
48
45
37
26
16
13
15
25
36
50
60
70
69
65
68
55
53
40
29
25
30
36
39
45
55
64
67
64
53
36
25
18
11
14
8
21
30
43
