-33
-33
-33
-33
-33
-33
-33
-33
-33
-33
-33
-33
-33
-33
-33
-33
-33
-33
-33
-33
-33
-18
-6
-2
-3
1
13
27
45
42
50
46
48
45
40
32
25
23
24
24
14
-9
-31
-42
-50
-54
-55
-52
-65
-73
-92
-108
-105
-91
-74
-60
-51
-47
-46
-50
-54
-58
-65
-77
-91
-96
-92
-102
-98
-104
-107
-109
-111
-114
-119
-129
-141
-152
-166
-177
-171
-153
-129
-118
-116
-121
-140
-132
-121
-107
-95
-90
-84
-76
-70
-68
-63
-57
-44
-28
-14
-2
3
0
-1
-17
-18
-25
-28
-26
-22
-24
-31
-38
-36
-22
-7
10
22
30
32
21
2
-13
-37
-39
-55
-72
-79
-77
-69
-54
-35
-24
-24
-30
-32
-30
-21
-2
16
33
62
83
121
148
177
212
251
300
353
402
442
472
489
501
506
501
496
480
460
449
426
412
391
380
378
370
355
335
316
294
268
232
194
152
99
45
-5
-41
-55
-78
-86
-101
-113
-129
-155
-182
-200
-208
-212
-216
-219
-222
-231
-243
-251
-258
-263
-252
-254
-244
-240
-231
-218
-209
-206
-204
-201
-198
-200
-208
-223
-239
-251
-250
-256
-270
-276
-295
-296
-305
-316
-328
-339
-339
-327
-310
-301
-302
-311
-317
-321
-322
-324
-328
-326
-304
-295
-276
-268
-260
-247
-233
-224
-229
-245
-258
-257
-247
-234
-222
-210
-195
-180
-166
-146
-140
-129
-125
-124
-120
-114
-111
-108
-105
-100
-95
-94
-91
-88
-89
-89
-95
-97
-78
-70
-58
-63
-71
-74
-69
-57
-43
-35
-39
-50
-62
-66
-64
-64
-59
-60
-61
-51
-54
-38
-26
-11
7
24
35
37
37
38
50
66
83
95
102
113
111
106
113
110
116
116
109
104
103
101
91
85
85
92
97
98
98
99
102
104
102
118
123
138
145
153
154
150
152
154
154
145
138
134
129
119
104
94
86
72
71
58
55
46
37
26
15
12
13
20
27
30
30
33
41
45
57
63
67
86
89
102
106
105
104
98
91
84
81
78
78
84
88
85
82
85
80
76
94
100
109
100
90
76
59
40
28
23
26
33
37
37
32
25
22
5
-25
-38
-52
-47
-44
-39
-36
-33
-33
-33
-34
-30
-19
-5
3
5
4
12
10
-5
-7
-24
-33
-53
-66
-63
-48
-30
-15
-4
-6
-13
-15
-11
0
16
41
55
52
60
54
58
60
62
68
77
90
101
105
98
93
96
110
127
138
142
137
130
151
165
178
178
177
177
179
187
194
203
209
215
213
211
213
214
217
213
198
192
173
164
160
162
166
163
154
142
133
128
122
116
115
116
113
109
103
99
123
138
155
158
151
142
139
135
