249
249
249
249
249
249
249
249
249
249
249
249
249
249
249
249
249
249
249
249
249
245
223
188
181
173
176
177
172
166
161
156
148
142
133
123
114
108
108
104
101
88
60
55
38
32
39
51
54
42
29
20
19
17
17
14
10
12
12
15
11
-1
10
24
45
60
72
83
80
74
71
69
67
65
69
80
90
91
95
96
91
102
98
96
96
102
116
134
152
156
156
149
145
139
134
130
124
122
118
106
116
115
122
135
147
150
149
150
155
161
165
159
139
126
125
126
130
132
125
146
158
171
176
177
173
169
163
163
161
167
186
207
218
226
239
247
250
244
259
263
268
273
276
276
270
264
251
238
222
207
192
177
166
164
167
161
128
105
68
36
8
-16
-29
-33
-31
-28
-28
-33
-41
-47
-53
-51
-57
-67
-76
-97
-101
-118
-133
-142
-147
-145
-137
-122
-106
-93
-77
-53
-27
-6
7
3
-10
-26
-56
-60
-56
-38
-21
-10
4
17
26
38
57
79
96
99
87
65
40
16
-4
-28
-29
-44
-61
-77
-93
-106
-115
-121
-132
-143
-151
-158
-155
-146
-145
-156
-168
-175
-183
-170
-164
-159
-155
-153
-153
-160
-164
-166
-164
-158
-150
-145
-142
-137
-136
-140
-154
-187
-187
-182
-177
-179
-178
-171
-158
-147
-148
-161
-187
-217
-251
-286
-315
-338
-354
-362
-367
-342
-326
-316
-314
-309
-300
-296
-301
-313
-323
-327
-321
-313
-306
-300
-299
-300
-306
-326
-324
-321
-307
-290
-273
-251
-226
-203
-189
-186
-184
-185
-175
-145
-102
-62
-30
-4
11
47
73
98
121
140
152
152
150
144
142
139
146
160
172
184
193
198
203
191
191
179
167
157
150
150
146
146
144
145
142
140
136
133
131
133
131
131
120
136
146
151
148
127
100
80
74
76
78
84
87
86
74
49
14
-13
-13
-18
-8
-13
-19
-21
-17
-7
4
18
32
40
41
33
23
6
-9
-24
-41
-61
-88
-88
-89
-84
-80
-81
-89
-102
-116
-132
-147
-166
-180
-189
-194
-202
-210
-214
-212
-222
-220
-230
-232
-223
-208
-195
-187
-189
-195
-199
-197
-189
-182
-177
-170
-162
-153
-137
-138
-123
-118
-111
-97
-83
-73
-67
-62
-60
-53
-39
-21
-4
17
38
49
56
72
78
106
125
139
144
148
151
148
140
139
143
148
156
164
169
169
165
158
158
135
119
90
68
57
48
38
23
7
-4
-8
-14
-26
-41
-58
-74
-98
-119
-123
-134
-125
-123
-122
-122
-126
-133
-137
-136
-135
-138
-139
-133
-125
-130
-139
-157
-167
-155
-148
-125
-113
-109
-111
-113
-120
-125
-121
-111
-89
-62
-37
