-29
-29
-29
-29
-29
-29
-29
-29
-29
-29
-29
-29
-29
-29
-29
-29
-29
-29
-29
-29
-29
-21
-11
-9
-10
-11
-7
-3
-2
3
12
27
31
27
39
43
67
90
113
130
135
132
127
118
110
106
111
114
114
108
99
79
56
56
50
52
42
22
-7
-32
-50
-62
-74
-85
-87
-87
-85
-84
-89
-89
-91
-95
-82
-75
-56
-50
-49
-50
-40
-29
-15
-1
16
35
47
58
71
86
101
102
88
87
85
117
158
204
239
262
274
280
284
279
265
244
226
212
205
201
187
165
160
141
131
118
106
104
101
94
83
76
77
87
96
103
111
117
136
151
159
182
195
221
245
268
285
290
296
318
347
374
387
388
383
379
372
360
338
318
323
318
318
305
289
273
256
239
220
196
166
138
110
89
72
64
66
57
34
19
-5
-10
-7
0
3
0
-10
-30
-49
-69
-81
-94
-100
-104
-110
-108
-115
-135
-131
-128
-112
-101
-97
-100
-100
-101
-93
-81
-73
-75
-82
-91
-102
-115
-129
-151
-168
-161
-158
-150
-153
-165
-174
-184
-196
-202
-192
-172
-149
-135
-127
-123
-122
-118
-117
-126
-116
-108
-84
-66
-57
-58
-67
-82
-93
-99
-108
-121
-129
-131
-131
-136
-142
-154
-165
-154
-152
-146
-145
-144
-136
-124
-109
-102
-103
-106
-103
-95
-87
-84
-93
-100
-113
-129
-121
-124
-125
-126
-121
-118
-116
-113
-107
-101
-106
-123
-148
-176
-196
-209
-210
-216
-229
-221
-215
-199
-184
-172
-165
-160
-150
-136
-121
-112
-102
-93
-87
-86
-88
-85
-83
-79
-58
-55
-55
-53
-34
-9
10
22
26
25
22
17
13
17
23
18
13
3
-21
-31
-41
-34
-21
-12
-7
-10
-10
-5
3
15
32
56
77
91
100
112
125
133
154
158
162
159
157
155
147
138
131
124
117
112
117
126
133
132
125
107
79
64
39
20
6
-11
-27
-47
-66
-82
-91
-100
-107
-113
-118
-125
-140
-154
-172
-198
-195
-190
-177
-162
-150
-143
-129
-110
-91
-73
-56
-41
-28
-23
-25
-17
12
47
72
103
108
97
72
43
21
11
9
6
7
6
4
-4
-12
-14
-14
-10
-10
-12
5
9
14
17
20
20
17
9
-10
-31
-48
-55
-57
-51
-34
-14
11
29
33
48
54
59
71
84
98
106
109
109
121
137
158
177
191
202
204
197
172
130
111
88
79
74
74
74
73
71
73
79
76
68
58
45
31
9
-14
-43
-77
-81
-88
-90
-91
-91
-87
-88
-95
-100
-102
-103
-100
-86
-73
-59
-54
-53
-59
-72
-63
-63
-59
-57
-62
-74
-86
-88
-89
-86
-83
-81
-74
-64
-56
-64
-81
-99
-122
-116
-117
