-29
-29
-29
-29
-29
-29
-29
-29
-29
-29
-29
-29
-29
-29
-29
-29
-29
-29
-29
-29
-29
-22
-8
12
39
61
75
75
67
64
65
69
83
91
121
141
155
162
167
172
174
181
191
205
217
221
219
210
202
191
183
184
176
188
193
201
214
225
232
234
239
246
252
253
252
251
249
253
251
252
255
250
265
279
293
297
286
270
259
245
233
222
203
181
160
143
128
107
81
56
30
25
5
-19
-45
-71
-96
-126
-155
-181
-198
-206
-210
-212
-217
-225
-232
-230
-222
-232
-231
-238
-236
-227
-221
-221
-223
-225
-220
-211
-195
-171
-149
-140
-132
-123
-116
-100
-86
-52
-29
-15
-4
12
33
55
72
76
65
44
29
10
-3
-1
8
17
26
16
19
11
2
-1
-4
-8
-18
-30
-38
-33
-32
-29
-28
-25
-22
-24
-24
-19
-26
-17
-12
-4
-2
-2
-2
-2
4
10
14
12
13
14
15
14
1
-16
-25
-47
-55
-69
-79
-90
-99
-99
-98
-99
-98
-98
-99
-102
-108
-120
-128
-134
-139
-138
-156
-156
-159
-154
-149
-145
-145
-141
-136
-129
-121
-118
-121
-123
-124
-125
-121
-113
-100
-99
-73
-55
-45
-46
-43
-30
-11
5
13
21
26
36
42
49
54
53
51
60
55
66
74
85
97
102
101
96
85
68
48
29
11
2
6
21
29
28
34
30
46
56
62
62
56
50
46
32
10
-11
-25
-33
-33
-40
-47
-65
-81
-84
-97
-95
-101
-108
-111
-109
-105
-105
-108
-120
-132
-149
-170
-189
-192
-185
-186
-198
-204
-216
-208
-206
-204
-201
-198
-200
-209
-222
-235
-243
-246
-240
-242
-255
-266
-275
-276
-255
-242
-218
-208
-204
-211
-219
-222
-218
-208
-193
-174
-153
-127
-106
-92
-77
-70
-68
-60
-58
-31
-6
22
51
73
80
81
81
79
71
56
43
39
42
52
55
52
60
58
71
76
75
71
73
83
89
85
70
53
40
34
24
10
-1
-12
-18
-4
0
16
22
24
27
26
22
13
6
4
-2
-14
-24
-24
-19
-10
-12
-26
-35
-64
-77
-83
-85
-88
-86
-69
-45
-27
-29
-45
-65
-75
-76
-72
-61
-57
-54
-33
-25
-10
-8
-14
-17
-17
-14
-4
2
7
14
23
21
17
13
17
18
13
20
6
-2
-8
-3
6
7
1
-8
-8
4
21
36
46
51
53
59
60
53
66
81
116
141
162
171
168
158
151
143
136
130
125
120
119
119
118
111
100
113
115
122
121
116
103
85
66
50
43
42
49
54
52
47
47
60
67
67
87
96
118
134
154
176
197
212
217
216
211
209
213
220
229
233
241
236
225
229
229
235
231
