65
65
65
65
65
65
65
65
65
65
65
65
65
65
65
65
65
65
65
65
65
54
47
39
33
31
29
29
33
33
28
19
12
11
8
5
13
-4
-11
-25
-34
-35
-35
-38
-46
-55
-67
-77
-91
-110
-122
-127
-118
-115
-120
-119
-134
-132
-129
-123
-118
-111
-101
-95
-88
-90
-103
-124
-139
-141
-143
-145
-154
-165
-161
-164
-155
-148
-145
-145
-148
-151
-155
-156
-151
-139
-124
-115
-104
-97
-84
-80
-80
-70
-74
-61
-58
-51
-33
-11
14
40
60
71
72
68
56
37
18
16
13
8
14
0
-2
-5
-5
-3
2
9
15
20
24
32
47
65
82
89
95
98
102
122
133
156
179
199
213
213
199
177
154
138
124
103
75
55
42
36
19
-8
-28
-54
-62
-69
-78
-87
-97
-108
-119
-130
-145
-165
-183
-198
-213
-230
-245
-252
-252
-233
-225
-209
-196
-178
-152
-123
-106
-106
-116
-126
-126
-119
-107
-92
-83
-70
-66
-73
-77
-97
-98
-90
-74
-62
-49
-40
-37
-50
-66
-79
-93
-99
-97
-95
-94
-99
-111
-105
-110
-104
-108
-111
-113
-109
-102
-97
-92
-83
-71
-66
-65
-65
-65
-62
-55
-53
-42
-54
-69
-82
-82
-67
-51
-35
-19
-3
8
10
4
-3
-2
3
14
17
9
17
13
20
26
32
37
43
47
42
27
10
0
0
7
14
16
19
22
18
24
14
10
7
8
10
16
20
20
18
17
17
19
23
30
38
51
59
61
76
76
78
71
66
69
75
84
95
104
102
90
75
66
68
77
89
91
84
95
96
101
102
106
108
108
108
111
113
113
105
103
102
102
98
97
88
69
64
55
59
72
87
92
83
68
50
29
4
-19
-35
-37
-29
-16
-2
-6
-32
-41
-56
-61
-64
-59
-56
-54
-46
-39
-33
-32
-32
-29
-27
-34
-48
-50
-49
-56
-49
-46
-31
-15
-9
-13
-24
-34
-39
-40
-40
-42
-48
-54
-58
-61
-55
-54
-58
-36
-24
-9
-2
-4
-11
-18
-20
-17
-12
-7
-5
-6
-9
-10
-15
-19
-27
-40
-38
-43
-38
-33
-26
-16
-10
-11
-20
-28
-28
-19
-11
-18
-26
-24
-8
3
-3
2
-1
6
18
26
25
20
15
13
16
20
25
26
24
19
4
-15
-26
-27
0
14
17
7
-6
-12
-8
2
8
5
-6
-12
-5
15
38
51
59
55
32
27
16
17
22
28
33
38
51
69
89
101
103
98
97
106
115
127
135
131
142
137
137
136
129
125
131
148
165
177
177
173
169
172
180
186
190
188
178
181
168
162
165
175
187
193
197
204
218
230
234
229
214
195
183
188
197
194
