-121
-121
-121
-121
-121
-121
-121
-121
-121
-121
-121
-121
-121
-121
-121
-121
-121
-121
-121
-121
-121
-136
-138
-146
-132
-121
-111
-105
-97
-92
-95
-99
-100
-96
-88
-77
-64
-54
-35
-17
-3
12
13
28
27
23
22
31
41
47
45
47
49
49
51
55
52
53
51
41
33
6
0
-2
9
26
46
62
69
71
69
67
67
66
72
80
93
104
115
139
149
176
192
204
214
227
242
255
256
240
220
206
196
184
162
141
122
104
106
97
98
92
85
72
57
45
31
17
-2
-33
-71
-100
-110
-107
-90
-81
-80
-74
-86
-90
-106
-121
-134
-149
-147
-126
-96
-73
-62
-64
-75
-79
-81
-73
-71
-75
-69
-78
-76
-73
-65
-52
-45
-52
-74
-101
-118
-124
-117
-112
-109
-104
-83
-64
-54
-35
-27
-3
24
59
83
93
98
105
114
113
101
90
84
84
87
97
95
84
84
69
56
35
19
13
15
10
0
-5
-4
-2
-5
-10
-11
-8
10
28
36
49
37
31
22
11
3
2
5
9
16
26
33
30
18
6
1
5
2
-8
-1
-4
4
2
-12
-35
-67
-93
-102
-100
-101
-102
-103
-105
-110
-129
-152
-176
-186
-160
-142
-117
-97
-78
-70
-72
-78
-89
-97
-106
-107
-108
-107
-101
-94
-81
-73
-69
-51
-51
-48
-52
-50
-45
-38
-29
-20
-10
-4
4
17
29
43
45
43
30
14
21
16
14
6
2
6
21
40
54
57
56
63
72
86
95
98
99
88
65
57
37
27
25
32
37
35
39
52
73
91
99
100
102
107
114
125
127
112
101
80
70
67
63
57
49
46
44
40
36
33
34
22
2
-21
-33
-34
-25
6
17
32
45
60
73
79
78
69
59
52
43
29
21
22
32
50
64
64
76
69
65
60
51
40
31
18
-4
-32
-56
-81
-100
-109
-110
-111
-105
-101
-101
-74
-58
-43
-34
-27
-12
5
21
32
33
31
37
52
67
73
73
79
81
82
97
105
121
136
149
153
154
153
161
174
182
187
188
192
194
195
198
196
190
205
207
203
192
175
157
141
127
116
115
119
127
125
116
103
92
93
94
89
94
84
74
65
54
45
39
40
43
38
21
-2
-28
-49
-63
-77
-87
-103
-125
-123
-121
-115
-114
-123
-129
-132
-133
-137
-140
-139
-128
-119
-114
-113
-114
-113
-115
-116
-87
-65
-40
-21
-13
-15
-18
-25
-32
-42
-46
-50
-50
-48
-48
-53
-49
-47
-50
-38
-42
-42
-34
-22
-11
-3
4
5
1
-2
2
5
10
10
6
2
-6
-24
-19
-22
-23
-34
-43
-39
-28
-18
-13
-16
-31
-51
-60
-55
