-38
-38
-38
-38
-38
-38
-38
-38
-38
-38
-38
-38
-38
-38
-38
-38
-38
-38
-38
-38
-38
-24
-16
-19
-28
-37
-41
-38
-29
-29
-8
2
8
8
3
-2
-7
-12
-17
-21
-29
-34
-37
-38
-33
-30
-31
-33
-42
-29
-19
-13
-13
-16
-19
-25
-29
-39
-59
-74
-78
-80
-83
-87
-94
-103
-112
-132
-129
-128
-129
-135
-148
-163
-177
-190
-193
-186
-176
-172
-171
-168
-151
-133
-125
-118
-124
-105
-87
-70
-58
-54
-52
-51
-53
-54
-45
-28
-7
11
21
23
11
-13
-30
-54
-60
-78
-92
-101
-102
-101
-99
-101
-113
-131
-144
-147
-146
-146
-141
-133
-130
-127
-128
-101
-75
-46
-17
15
48
80
109
131
148
164
177
183
182
184
187
189
196
192
205
204
198
198
201
204
199
184
161
142
132
129
129
130
132
126
118
117
101
100
93
86
83
76
66
58
46
30
9
-16
-39
-59
-82
-98
-113
-128
-134
-145
-135
-132
-138
-152
-160
-160
-153
-147
-146
-144
-140
-133
-129
-127
-125
-115
-101
-80
-80
-70
-72
-75
-77
-83
-100
-121
-132
-128
-113
-99
-89
-81
-73
-63
-62
-71
-76
-97
-105
-110
-118
-132
-145
-150
-141
-129
-122
-124
-128
-136
-143
-146
-145
-153
-155
-138
-133
-126
-137
-152
-153
-143
-133
-129
-133
-140
-146
-151
-154
-152
-149
-143
-133
-122
-108
-114
-111
-114
-106
-90
-80
-77
-71
-62
-50
-38
-34
-38
-42
-43
-38
-38
-41
-34
-39
-32
-42
-63
-81
-83
-85
-85
-94
-107
-114
-116
-120
-124
-131
-130
-126
-124
-112
-116
-104
-95
-84
-72
-64
-66
-75
-83
-83
-77
-70
-66
-67
-70
-66
-58
-48
-30
-35
-36
-50
-54
-44
-23
3
25
42
49
50
46
50
59
60
62
63
54
47
32
39
47
61
74
81
86
83
80
76
77
83
86
89
89
93
93
92
102
98
108
122
134
141
141
140
141
143
142
140
134
130
127
123
114
105
94
102
99
102
91
68
44
28
21
22
26
31
31
31
26
20
16
22
32
36
42
31
26
18
22
30
32
33
38
47
57
63
60
51
45
37
36
29
22
32
39
60
77
94
110
125
138
148
152
150
145
134
118
103
99
101
104
115
148
162
172
170
163
153
144
139
132
128
123
121
115
117
120
121
125
117
95
88
79
87
93
93
88
78
72
74
84
92
99
104
107
114
126
147
163
168
179
182
194
193
189
187
194
203
208
211
210
208
205
197
189
179
180
177
173
179
165
150
128
109
93
81
73
70
63
56
49
40
36
35
30
29
21
14
34
43
56
61
62
62
65
72
