154
154
154
154
154
154
154
154
154
154
154
154
154
154
154
154
154
154
154
154
154
167
187
210
229
245
257
272
277
268
277
270
262
253
244
232
217
203
186
172
157
141
126
116
106
92
80
61
26
12
-5
-11
-17
-21
-19
-13
-2
13
25
31
33
31
22
13
6
7
14
20
39
33
24
17
21
35
45
56
63
70
77
81
85
84
81
76
72
60
40
43
44
52
54
45
31
20
8
-4
-14
-19
-22
-22
-18
-13
-9
-2
6
15
43
60
71
81
93
107
122
133
142
154
171
193
211
228
245
256
261
259
247
252
254
261
268
271
268
261
261
269
274
273
269
269
280
298
313
319
314
299
300
289
284
277
270
263
261
265
274
282
283
280
269
256
244
228
208
182
141
116
80
49
23
3
-17
-35
-48
-57
-61
-68
-84
-108
-123
-126
-128
-130
-143
-174
-189
-202
-204
-196
-179
-161
-149
-138
-133
-129
-133
-135
-135
-133
-126
-121
-115
-111
-119
-110
-117
-124
-137
-147
-150
-155
-164
-172
-175
-179
-187
-194
-203
-212
-218
-227
-243
-270
-273
-281
-283
-279
-272
-263
-254
-242
-233
-226
-220
-219
-213
-207
-195
-187
-181
-179
-189
-177
-166
-149
-132
-116
-108
-110
-129
-152
-173
-186
-181
-166
-146
-133
-130
-135
-135
-142
-131
-128
-122
-111
-101
-98
-98
-101
-107
-108
-108
-100
-87
-74
-58
-52
-55
-57
-65
-54
-49
-46
-43
-44
-45
-40
-34
-27
-22
-16
-10
-2
-1
-6
-10
-4
12
11
15
9
6
10
18
25
26
20
13
13
18
26
32
35
36
27
12
-1
-25
-25
-21
-2
19
35
52
67
84
91
91
84
72
53
37
33
40
45
54
43
46
39
37
41
49
61
70
74
72
62
52
42
31
20
14
8
3
3
-14
-13
-23
-36
-43
-42
-34
-24
-11
3
11
7
-4
-14
-22
-26
-28
-28
-20
-29
-26
-39
-60
-74
-73
-62
-50
-44
-46
-57
-66
-69
-65
-64
-63
-70
-85
-89
-100
-90
-88
-83
-80
-81
-88
-100
-110
-117
-119
-122
-126
-130
-132
-131
-137
-150
-153
-157
-135
-120
-119
-126
-134
-142
-147
-138
-120
-99
-80
-68
-68
-76
-85
-95
-94
-77
-71
-59
-59
-62
-69
-71
-66
-61
-59
-62
-63
-62
-55
-44
-29
-11
-3
-3
-1
-12
-7
-10
-14
-18
-17
-15
-19
-23
-26
-31
-33
-31
-25
-17
-9
-1
5
26
37
54
56
57
57
57
50
43
33
28
34
41
44
44
41
37
32
29
35
21
23
24
24
29
35
37
39
39
38
37
33
31
23
18
20
21
26
47
51
72
83
87
90
94
100
