126
126
126
126
126
126
126
126
126
126
126
126
126
126
126
126
126
126
126
126
126
130
142
153
157
155
153
154
147
138
136
127
140
149
156
154
153
149
142
128
105
83
65
56
45
38
44
47
42
46
34
29
19
20
29
36
35
29
23
18
15
12
9
7
4
5
-2
-11
-9
-14
2
11
22
28
24
20
15
8
-5
-20
-32
-31
-23
-16
-15
-27
-34
-23
-17
7
21
28
32
40
42
34
19
4
-2
-11
-24
-37
-48
-51
-52
-42
-18
-11
9
27
47
62
65
59
52
46
46
41
34
33
44
54
66
65
51
44
32
43
56
76
92
104
112
118
120
121
122
125
128
130
133
146
164
178
204
208
222
228
238
255
279
304
319
322
312
296
273
254
234
219
204
177
153
145
124
112
90
71
56
49
48
48
42
21
-17
-58
-87
-106
-125
-140
-157
-170
-163
-171
-172
-178
-173
-163
-156
-149
-142
-132
-121
-108
-93
-75
-61
-62
-67
-76
-77
-67
-78
-84
-100
-116
-127
-142
-151
-155
-160
-168
-172
-176
-185
-195
-206
-211
-219
-234
-233
-243
-241
-242
-251
-266
-268
-251
-230
-216
-213
-219
-226
-229
-232
-241
-244
-243
-233
-201
-182
-159
-144
-133
-122
-115
-112
-116
-119
-113
-95
-70
-49
-34
-28
-20
-25
-44
-47
-57
-53
-50
-49
-52
-59
-71
-88
-105
-114
-106
-93
-77
-53
-26
-6
-6
-10
3
-4
-4
-9
-8
-3
2
3
6
12
22
33
40
41
34
29
31
27
20
24
20
26
20
13
14
21
23
20
11
-3
-24
-40
-50
-51
-42
-21
-5
1
21
25
29
22
11
0
-4
1
5
5
-3
-8
-5
9
33
64
102
121
111
97
60
31
11
-1
-8
-18
-25
-28
-31
-30
-24
-20
-23
-25
-30
-31
-42
-58
-58
-69
-71
-83
-99
-109
-117
-124
-133
-136
-134
-130
-124
-111
-95
-81
-61
-50
-52
-45
-56
-58
-58
-50
-41
-31
-27
-38
-62
-92
-110
-115
-111
-109
-113
-113
-116
-129
-125
-135
-145
-156
-164
-172
-178
-181
-184
-181
-183
-186
-195
-207
-214
-216
-203
-187
-185
-177
-188
-189
-188
-183
-176
-167
-156
-132
-100
-75
-54
-45
-43
-46
-43
-27
-17
-33
-41
-60
-69
-65
-57
-49
-51
-58
-59
-54
-50
-46
-42
-32
-10
8
32
48
55
80
91
103
109
116
125
136
144
146
143
141
151
163
172
178
178
180
182
185
211
224
227
202
169
153
149
148
147
153
152
142
129
121
122
131
140
138
124
130
129
137
142
147
144
134
115
92
71
57
50
56
64
74
86
105
120
125
146
149
151
149
148
147
