   3.0303030e-02
   7.5757576e-02
   3.0303030e-02
   1.0606061e-01
   9.0909091e-02
   1.2121212e-01
   7.5757576e-02
   6.0606061e-02
   1.8181818e-01
   1.5151515e-01
   2.1212121e-01
   1.5151515e-01
   1.3636364e-01
   1.9696970e-01
   1.5151515e-01
   1.5151515e-01
   1.3636364e-01
   1.3636364e-01
   9.0909091e-02
   1.2121212e-01
   1.6666667e-01
   1.8181818e-01
   2.2727273e-01
   1.6666667e-01
   1.5151515e-01
   6.0606061e-02
   6.0606061e-02
   1.2121212e-01
   7.5757576e-02
   0.0000000e+00
  -1.5151515e-02
   4.5454545e-02
   9.0909091e-02
   7.5757576e-02
   1.0606061e-01
   9.0909091e-02
   1.3636364e-01
   1.0606061e-01
   1.8181818e-01
   1.5151515e-01
   1.9696970e-01
   1.5151515e-01
   1.5151515e-01
   1.5151515e-01
   2.5757576e-01
   1.8181818e-01
   1.0606061e-01
   1.0606061e-01
   2.2727273e-01
   1.8181818e-01
   2.4242424e-01
   1.8181818e-01
   1.8181818e-01
   4.5454545e-02
   6.0606061e-02
   1.2121212e-01
   1.5151515e-01
   1.0606061e-01
   9.0909091e-02
   1.0606061e-01
   1.5151515e-02
   9.0909091e-02
   7.5757576e-02
   1.5151515e-01
   1.0606061e-01
   1.5151515e-01
   9.0909091e-02
   4.5454545e-02
   9.0909091e-02
   9.0909091e-02
   1.6666667e-01
   1.3636364e-01
   1.9696970e-01
   7.5757576e-02
   1.2121212e-01
   1.3636364e-01
   1.5151515e-01
   1.0606061e-01
   1.3636364e-01
   9.0909091e-02
   9.0909091e-02
   9.0909091e-02
  -1.5151515e-02
   1.5151515e-02
   3.0303030e-02
   6.0606061e-02
   6.0606061e-02
   6.0606061e-02
   1.0606061e-01
   0.0000000e+00
   0.0000000e+00
   4.5454545e-02
   1.3636364e-01
   3.0303030e-02
   6.0606061e-02
   4.5454545e-02
   1.0606061e-01
   1.6666667e-01
   1.2121212e-01
   1.2121212e-01
   1.3636364e-01
   1.5151515e-01
   1.2121212e-01
   1.0606061e-01
   4.5454545e-02
  -3.0303030e-02
  -6.0606061e-02
  -1.3636364e-01
   4.5454545e-02
   9.0909091e-02
   1.6666667e-01
   1.5151515e-01
   1.9696970e-01
   1.0606061e-01
   1.0606061e-01
   1.0606061e-01
   4.5454545e-02
  -4.5454545e-02
  -6.0606061e-02
  -6.0606061e-02
  -1.5151515e-01
  -2.2727273e-01
  -3.3333333e-01
  -3.3333333e-01
  -4.0909091e-01
  -4.6969697e-01
  -5.1515152e-01
  -3.4848485e-01
  -2.2727273e-01
  -4.5454545e-02
   1.3636364e-01
   2.8787879e-01
   5.4545455e-01
   6.9696970e-01
   8.0303030e-01
   1.0000000e+00
   9.3939394e-01
   9.3939394e-01
   8.4848485e-01
   7.8787879e-01
   6.3636364e-01
   5.0000000e-01
   4.8484848e-01
   3.1818182e-01
   2.5757576e-01
   1.2121212e-01
   1.0606061e-01
   0.0000000e+00
   4.5454545e-02
  -7.5757576e-02
  -3.0303030e-02
   3.0303030e-02
  -3.0303030e-02
   4.5454545e-02
   7.5757576e-02
   1.9696970e-01
   1.2121212e-01
   6.0606061e-02
   1.2121212e-01
   1.8181818e-01
   9.0909091e-02
   4.5454545e-02
   1.0606061e-01
   4.5454545e-02
   4.5454545e-02
   1.3636364e-01
   2.4242424e-01
   1.5151515e-01
   1.3636364e-01
   9.0909091e-02
   2.1212121e-01
   1.9696970e-01
   1.5151515e-01
   2.1212121e-01
   1.9696970e-01
   2.4242424e-01
   1.9696970e-01
   2.1212121e-01
   2.5757576e-01
   2.5757576e-01
   2.2727273e-01
   2.2727273e-01
   1.8181818e-01
   2.2727273e-01
   2.5757576e-01
   1.3636364e-01
   1.8181818e-01
   1.8181818e-01
   1.6666667e-01
   1.8181818e-01
   2.5757576e-01
   1.8181818e-01
   1.8181818e-01
   1.6666667e-01
   1.8181818e-01
   1.9696970e-01
   1.9696970e-01
   2.8787879e-01
   1.9696970e-01
   1.6666667e-01
   1.9696970e-01
   2.5757576e-01
   2.1212121e-01
   1.9696970e-01
   2.1212121e-01
   1.5151515e-01
   1.5151515e-01
   1.5151515e-01
   2.2727273e-01
   1.5151515e-01
   2.1212121e-01
   1.8181818e-01
   2.4242424e-01
   1.5151515e-01
   1.9696970e-01
   1.6666667e-01
   2.2727273e-01
   1.9696970e-01
   1.8181818e-01
   1.5151515e-01
   1.5151515e-01
   9.0909091e-02
   9.0909091e-02
   9.0909091e-02
   9.0909091e-02
   1.6666667e-01
   1.0606061e-01
   6.0606061e-02
   9.0909091e-02
   1.3636364e-01
   1.2121212e-01
   1.0606061e-01
   4.5454545e-02
   7.5757576e-02
   7.5757576e-02
   1.3636364e-01
   1.8181818e-01
   1.2121212e-01
   2.4242424e-01
   2.1212121e-01
   1.6666667e-01
   1.5151515e-01
   1.5151515e-01
   1.8181818e-01
   1.6666667e-01
   2.5757576e-01
   1.9696970e-01
   3.0303030e-01
   2.7272727e-01
   2.1212121e-01
   2.8787879e-01
   2.2727273e-01
   1.5151515e-01
   1.0606061e-01
   1.2121212e-01
   1.2121212e-01
   1.2121212e-01
   1.2121212e-01
   1.0606061e-01
   3.0303030e-02
   7.5757576e-02
   3.0303030e-02
   1.5151515e-02
  -1.5151515e-02
  -1.5151515e-02
  -3.0303030e-02
  -3.0303030e-02
   6.0606061e-02
   3.0303030e-02
  -1.5151515e-02
   1.5151515e-02
   7.5757576e-02
   7.5757576e-02
   1.2121212e-01
   1.3636364e-01
   1.0606061e-01
   1.5151515e-01
   2.4242424e-01
   1.5151515e-01
   1.8181818e-01
   6.0606061e-02
   6.0606061e-02
   6.0606061e-02
   4.5454545e-02
   1.5151515e-02
   0.0000000e+00
  -1.5151515e-02
  -9.0909091e-02
  -4.5454545e-02
  -4.5454545e-02
  -3.0303030e-02
  -7.5757576e-02
  -3.0303030e-02
   3.0303030e-02
  -3.0303030e-02
   0.0000000e+00
  -1.5151515e-02
  -6.0606061e-02
  -9.0909091e-02
  -3.0303030e-02
   0.0000000e+00
  -3.0303030e-02
   4.5454545e-02
   9.0909091e-02
   9.0909091e-02
   1.0606061e-01
   1.5151515e-01
   1.5151515e-01
   1.9696970e-01
   1.5151515e-01
   1.8181818e-01
   1.9696970e-01
   1.6666667e-01
   1.8181818e-01
   1.9696970e-01
   1.6666667e-01
   1.3636364e-01
   2.1212121e-01
   7.5757576e-02
  -1.5151515e-02
   9.0909091e-02
   9.0909091e-02
   1.0606061e-01
   4.5454545e-02
   9.0909091e-02
   1.0606061e-01
   1.0606061e-01
   4.5454545e-02
   4.5454545e-02
   1.5151515e-02
  -1.5151515e-02
   0.0000000e+00
   1.5151515e-02
   1.5151515e-02
   3.0303030e-02
   4.5454545e-02
   7.5757576e-02
   1.5151515e-01
   4.5454545e-02
   1.0606061e-01
   1.3636364e-01
   1.6666667e-01
   1.5151515e-01
   1.8181818e-01
   2.5757576e-01
   1.8181818e-01
   1.2121212e-01
   1.5151515e-01
   1.3636364e-01
   1.2121212e-01
   1.6666667e-01
   6.0606061e-02
   1.3636364e-01
   9.0909091e-02
   1.2121212e-01
   3.0303030e-02
   3.0303030e-02
   3.0303030e-02
   3.0303030e-02
  -1.5151515e-02
   1.5151515e-02
   1.5151515e-02
   6.0606061e-02
   4.5454545e-02
   3.0303030e-02
   3.0303030e-02
  -1.5151515e-02
   4.5454545e-02
   6.0606061e-02
   4.5454545e-02
  -1.5151515e-02
   0.0000000e+00
   4.5454545e-02
   6.0606061e-02
   4.5454545e-02
   6.0606061e-02
   6.0606061e-02
   1.5151515e-01
   1.0606061e-01
   1.5151515e-01
   1.8181818e-01
   1.2121212e-01
   7.5757576e-02
   6.0606061e-02
   1.5151515e-02
  -4.5454545e-02
   1.5151515e-02
  -1.5151515e-02
   0.0000000e+00
  -4.5454545e-02
  -7.5757576e-02
  -3.0303030e-02
   0.0000000e+00
  -4.5454545e-02
   3.0303030e-02
  -3.0303030e-02
   1.5151515e-02
   3.0303030e-02
   1.5151515e-02
  -3.0303030e-02
  -4.5454545e-02
  -7.5757576e-02
  -1.5151515e-02
   4.5454545e-02
   4.5454545e-02
   7.5757576e-02
   6.0606061e-02
   6.0606061e-02
   4.5454545e-02
   1.0606061e-01
   1.9696970e-01
   1.9696970e-01
   2.2727273e-01
   2.7272727e-01
   2.1212121e-01
   2.1212121e-01
   1.5151515e-01
   9.0909091e-02
   1.0606061e-01
   1.2121212e-01
   9.0909091e-02
   1.2121212e-01
   7.5757576e-02
   9.0909091e-02
   4.5454545e-02
   6.0606061e-02
   7.5757576e-02
   1.5151515e-02
   0.0000000e+00
  -1.5151515e-02
   4.5454545e-02
   3.0303030e-02
   6.0606061e-02
   1.5151515e-02
   1.3636364e-01
   1.0606061e-01
   1.2121212e-01
   1.5151515e-01
   1.0606061e-01
  -1.5151515e-02
   1.3636364e-01
   1.3636364e-01
   1.5151515e-01
   1.5151515e-01
   2.4242424e-01
   1.2121212e-01
   1.8181818e-01
   1.5151515e-01
   1.5151515e-01
   1.8181818e-01
   2.7272727e-01
   2.1212121e-01
   1.8181818e-01
   1.9696970e-01
   1.8181818e-01
   1.9696970e-01
   1.3636364e-01
   1.2121212e-01
   4.5454545e-02
   9.0909091e-02
   1.3636364e-01
   2.1212121e-01
   1.0606061e-01
   9.0909091e-02
   1.6666667e-01
   1.2121212e-01
   1.8181818e-01
   2.2727273e-01
   2.2727273e-01
   1.3636364e-01
   9.0909091e-02
   1.6666667e-01
   1.6666667e-01
   1.2121212e-01
   7.5757576e-02
   1.5151515e-01
   1.3636364e-01
   2.2727273e-01
   1.6666667e-01
   1.8181818e-01
   1.5151515e-01
   1.6666667e-01
   1.6666667e-01
   1.5151515e-01
   1.2121212e-01
   7.5757576e-02
   6.0606061e-02
   4.5454545e-02
   9.0909091e-02
   1.2121212e-01
   1.3636364e-01
   1.0606061e-01
   1.0606061e-01
   4.5454545e-02
   4.5454545e-02
   6.0606061e-02
   1.0606061e-01
   6.0606061e-02
   7.5757576e-02
   1.5151515e-01
   1.3636364e-01
   1.0606061e-01
   1.8181818e-01
   1.2121212e-01
   1.0606061e-01
   1.6666667e-01
   1.3636364e-01
   1.3636364e-01
   9.0909091e-02
   9.0909091e-02
   6.0606061e-02
   3.0303030e-02
   1.3636364e-01
   7.5757576e-02
   6.0606061e-02
   0.0000000e+00
   1.0606061e-01
   3.0303030e-02
   4.5454545e-02
   4.5454545e-02
   6.0606061e-02
  -1.5151515e-02
  -6.0606061e-02
  -3.0303030e-02
   3.0303030e-02
   1.5151515e-02
   0.0000000e+00
   6.0606061e-02
  -3.0303030e-02
   1.5151515e-02
  -1.5151515e-02
   6.0606061e-02
   9.0909091e-02
   9.0909091e-02
   1.2121212e-01
   1.3636364e-01
   4.5454545e-02
   1.6666667e-01
   1.0606061e-01
   3.0303030e-02
   6.0606061e-02
   7.5757576e-02
   1.3636364e-01
   1.3636364e-01
   1.8181818e-01
   1.0606061e-01
   1.0606061e-01
   7.5757576e-02
   3.0303030e-02
   6.0606061e-02
   0.0000000e+00
  -3.0303030e-02
   6.0606061e-02
   9.0909091e-02
   1.0606061e-01
   0.0000000e+00
  -1.5151515e-02
   0.0000000e+00
   0.0000000e+00
  -6.0606061e-02
  -6.0606061e-02
  -6.0606061e-02
  -3.0303030e-02
  -1.5151515e-02
  -6.0606061e-02
  -1.5151515e-02
   3.0303030e-02
   3.0303030e-02
   1.3636364e-01
   6.0606061e-02
   1.0606061e-01
   1.6666667e-01
   1.5151515e-01
   7.5757576e-02
   1.0606061e-01
   1.0606061e-01
   1.0606061e-01
   6.0606061e-02
   9.0909091e-02
   1.0606061e-01
   1.0606061e-01
   1.3636364e-01
   1.3636364e-01
   1.5151515e-02
   1.0606061e-01
   7.5757576e-02
   1.3636364e-01
   1.2121212e-01
   1.3636364e-01
   3.0303030e-02
   6.0606061e-02
   1.0606061e-01
   6.0606061e-02
   3.0303030e-02
  -7.5757576e-02
  -1.5151515e-02
   9.0909091e-02
   7.5757576e-02
   1.2121212e-01
   1.5151515e-01
