   4.9450549e-02
   7.1428571e-02
   5.4945055e-02
   5.4945055e-02
   6.0439560e-02
   7.1428571e-02
   6.5934066e-02
   7.6923077e-02
   6.0439560e-02
   7.1428571e-02
   8.2417582e-02
   7.1428571e-02
   6.5934066e-02
   8.2417582e-02
   9.8901099e-02
   9.8901099e-02
   7.1428571e-02
   6.5934066e-02
   4.9450549e-02
   4.3956044e-02
   7.6923077e-02
   5.4945055e-02
   7.6923077e-02
   1.0439560e-01
   8.7912088e-02
   6.5934066e-02
   8.2417582e-02
   6.5934066e-02
   1.0439560e-01
   7.6923077e-02
   4.9450549e-02
   1.0439560e-01
   9.8901099e-02
   9.8901099e-02
   8.7912088e-02
   1.1538462e-01
   9.3406593e-02
   9.8901099e-02
   1.2087912e-01
   1.2637363e-01
   1.0439560e-01
   9.3406593e-02
   7.1428571e-02
   8.2417582e-02
   6.5934066e-02
   7.6923077e-02
   6.5934066e-02
   7.6923077e-02
   7.1428571e-02
   7.6923077e-02
   7.6923077e-02
   9.3406593e-02
   8.7912088e-02
   7.1428571e-02
   4.9450549e-02
   6.5934066e-02
   7.1428571e-02
   6.0439560e-02
   8.7912088e-02
   8.2417582e-02
   7.6923077e-02
   6.5934066e-02
   8.2417582e-02
   6.0439560e-02
   6.0439560e-02
   6.0439560e-02
   7.6923077e-02
   6.5934066e-02
   9.8901099e-02
   6.5934066e-02
   4.3956044e-02
   7.1428571e-02
   6.5934066e-02
   7.1428571e-02
   7.6923077e-02
   9.8901099e-02
   7.6923077e-02
   6.5934066e-02
   7.6923077e-02
   4.9450549e-02
   8.7912088e-02
   8.2417582e-02
   8.2417582e-02
   5.4945055e-02
   4.9450549e-02
   4.9450549e-02
   4.3956044e-02
   7.1428571e-02
   6.0439560e-02
   4.9450549e-02
   6.0439560e-02
   4.3956044e-02
  -2.7472527e-02
   1.9780220e-01
   7.6923077e-02
   9.8901099e-02
   1.2637363e-01
   1.4285714e-01
   7.1428571e-02
   5.4945055e-03
  -2.7472527e-02
  -3.8461538e-02
  -1.0989011e-02
   1.0989011e-02
   6.0439560e-02
   7.1428571e-02
   7.1428571e-02
   1.0989011e-01
   1.0439560e-01
   7.6923077e-02
   8.7912088e-02
   7.6923077e-02
   8.7912088e-02
   6.5934066e-02
   8.7912088e-02
   7.6923077e-02
   5.4945055e-02
   7.6923077e-02
   9.3406593e-02
   7.6923077e-02
   8.7912088e-02
   9.3406593e-02
   8.2417582e-02
   7.1428571e-02
   1.0439560e-01
   1.0989011e-01
   9.8901099e-02
   4.9450549e-02
   8.7912088e-02
   9.8901099e-02
   1.3736264e-01
   1.1538462e-01
   1.5384615e-01
   1.2087912e-01
   1.2637363e-01
   1.3736264e-01
   1.0989011e-01
   7.1428571e-02
   8.7912088e-02
   9.8901099e-02
   1.0439560e-01
   1.0439560e-01
   8.2417582e-02
   8.7912088e-02
   8.2417582e-02
   8.2417582e-02
   8.7912088e-02
   8.2417582e-02
   1.0439560e-01
   1.0989011e-01
   7.6923077e-02
   8.2417582e-02
   6.0439560e-02
   4.9450549e-02
   6.0439560e-02
   4.3956044e-02
   3.8461538e-02
   4.9450549e-02
   3.2967033e-02
   3.8461538e-02
   5.4945055e-02
   4.3956044e-02
   4.3956044e-02
   3.2967033e-02
   5.4945055e-02
   8.2417582e-02
   9.3406593e-02
   6.0439560e-02
   6.5934066e-02
   8.2417582e-02
   6.5934066e-02
   7.1428571e-02
   7.6923077e-02
   6.0439560e-02
   4.9450549e-02
   4.9450549e-02
   3.8461538e-02
   3.2967033e-02
   2.1978022e-02
   1.6483516e-02
   3.2967033e-02
   3.2967033e-02
   4.3956044e-02
   3.8461538e-02
   3.8461538e-02
   1.6483516e-02
   1.6483516e-02
   2.7472527e-02
   3.8461538e-02
   1.6483516e-02
   2.7472527e-02
   2.1978022e-02
   3.8461538e-02
   2.1978022e-02
   4.3956044e-02
  -5.4945055e-03
   1.6483516e-02
  -1.0989011e-02
  -5.4945055e-03
   1.6483516e-02
   2.1978022e-02
  -5.4945055e-03
   1.0989011e-02
   0.0000000e+00
  -5.4945055e-03
   0.0000000e+00
   0.0000000e+00
  -5.4945055e-03
   1.0989011e-02
   3.8461538e-02
   2.7472527e-02
   5.4945055e-02
   6.5934066e-02
   5.4945055e-02
   4.9450549e-02
   3.2967033e-02
   5.4945055e-02
   3.8461538e-02
   1.6483516e-02
   2.1978022e-02
   2.1978022e-02
   2.1978022e-02
   5.4945055e-03
   2.1978022e-02
   2.1978022e-02
   3.8461538e-02
   1.6483516e-02
   1.6483516e-02
   1.6483516e-02
   2.1978022e-02
  -5.4945055e-03
  -1.6483516e-02
  -1.0989011e-02
   0.0000000e+00
   0.0000000e+00
  -5.4945055e-03
  -5.4945055e-03
  -5.4945055e-03
   1.6483516e-02
   5.4945055e-03
  -1.0989011e-02
  -2.1978022e-02
  -5.4945055e-03
   1.0989011e-02
   0.0000000e+00
   2.1978022e-02
   0.0000000e+00
  -5.4945055e-03
  -2.7472527e-02
  -3.2967033e-02
   5.4945055e-03
   0.0000000e+00
   0.0000000e+00
   0.0000000e+00
   5.4945055e-03
   2.1978022e-02
   2.7472527e-02
   3.8461538e-02
   1.0989011e-02
   1.6483516e-02
   2.7472527e-02
   2.1978022e-02
   0.0000000e+00
  -1.0989011e-02
   1.0989011e-02
  -5.4945055e-03
  -5.4945055e-03
  -5.4945055e-03
  -5.4945055e-03
  -5.4945055e-03
  -1.6483516e-02
   1.0989011e-02
   4.3956044e-02
   5.4945055e-02
   5.4945055e-02
   4.3956044e-02
   4.9450549e-02
   3.8461538e-02
   6.5934066e-02
   4.3956044e-02
   2.1978022e-02
   2.7472527e-02
   4.3956044e-02
   3.8461538e-02
   3.2967033e-02
   3.2967033e-02
   5.4945055e-03
   1.0989011e-02
   2.1978022e-02
   3.2967033e-02
   3.8461538e-02
   1.6483516e-02
   2.1978022e-02
   4.9450549e-02
   7.1428571e-02
   5.4945055e-02
   6.0439560e-02
   7.6923077e-02
   2.7472527e-02
   2.1978022e-02
   6.5934066e-02
   6.0439560e-02
   2.1978022e-02
   4.3956044e-02
   4.3956044e-02
   4.3956044e-02
   0.0000000e+00
   1.6483516e-02
   7.1428571e-02
   4.3956044e-02
   2.7472527e-02
   7.6923077e-02
   5.4945055e-02
   2.1978022e-02
  -6.5934066e-02
   5.4945055e-02
  -3.8461538e-02
   1.2637363e-01
   1.3736264e-01
   2.3626374e-01
   2.0879121e-01
   2.0879121e-01
   1.4285714e-01
   9.3406593e-02
   4.9450549e-02
   5.4945055e-02
   6.0439560e-02
   7.1428571e-02
   8.7912088e-02
   8.7912088e-02
   6.0439560e-02
   1.0439560e-01
   8.7912088e-02
   1.0439560e-01
   1.0989011e-01
   1.2087912e-01
   1.3736264e-01
   1.3736264e-01
   1.1538462e-01
   8.2417582e-02
   2.7472527e-02
   1.6483516e-02
   3.8461538e-02
  -5.4945055e-03
   3.8461538e-02
   3.8461538e-02
   2.7472527e-02
  -5.4945055e-03
  -6.0439560e-02
  -1.1538462e-01
  -4.3956044e-02
   2.7472527e-02
   6.5934066e-02
   1.9230769e-01
   2.9670330e-01
   3.8461538e-01
   4.5604396e-01
   4.3956044e-01
   3.2967033e-01
   3.0219780e-01
   1.4835165e-01
   1.0989011e-02
  -6.0439560e-02
  -9.3406593e-02
  -1.0439560e-01
  -1.2637363e-01
  -9.8901099e-02
  -4.9450549e-02
   7.6923077e-02
   1.4285714e-01
   1.8681319e-01
   1.8131868e-01
   1.8131868e-01
   2.3076923e-01
   2.1428571e-01
   1.7582418e-01
   1.2637363e-01
   1.0989011e-01
   6.5934066e-02
   4.9450549e-02
   3.2967033e-02
  -1.6483516e-02
  -3.8461538e-02
  -4.9450549e-02
   5.4945055e-03
   5.4945055e-02
   1.3736264e-01
   1.5934066e-01
   1.0439560e-01
   1.0989011e-02
   7.1428571e-02
   6.0439560e-02
   8.2417582e-02
   4.9450549e-02
   6.5934066e-02
   9.8901099e-02
   1.4835165e-01
   1.5934066e-01
   9.3406593e-02
  -1.7582418e-01
  -5.5494505e-01
  -7.4175824e-01
  -7.1978022e-01
  -6.0439560e-01
  -3.9010989e-01
  -1.0439560e-01
   2.3626374e-01
   6.2087912e-01
   9.1208791e-01
   1.0000000e+00
   9.5604396e-01
   6.7032967e-01
   3.1318681e-01
  -5.4945055e-03
  -3.6813187e-01
  -7.3626374e-01
  -7.2527473e-01
  -7.2527473e-01
  -8.1868132e-01
  -4.2857143e-01
  -1.2637363e-01
   6.5934066e-02
   2.7472527e-01
   5.0549451e-01
   7.3076923e-01
   9.2857143e-01
   9.3406593e-01
   7.9670330e-01
   6.0439560e-01
   3.7362637e-01
   2.1428571e-01
   5.4945055e-03
  -1.4835165e-01
  -2.5274725e-01
  -3.1318681e-01
  -3.1318681e-01
  -2.9670330e-01
  -2.2527473e-01
  -1.4285714e-01
  -3.2967033e-02
   7.1428571e-02
   1.3186813e-01
   1.4285714e-01
   1.6483516e-01
   1.5934066e-01
   1.3736264e-01
   6.5934066e-02
   1.0989011e-02
  -7.1428571e-02
  -1.5934066e-01
  -1.9780220e-01
  -2.4175824e-01
  -2.6373626e-01
  -2.7472527e-01
  -2.6373626e-01
  -2.6923077e-01
  -2.8571429e-01
  -3.0769231e-01
  -3.4615385e-01
  -3.7362637e-01
  -3.5164835e-01
  -3.0769231e-01
  -2.6373626e-01
  -1.7032967e-01
  -1.0989011e-01
  -2.7472527e-02
   2.1978022e-02
   7.6923077e-02
   4.3956044e-02
  -1.6483516e-02
   2.2527473e-01
   4.3406593e-01
   4.8351648e-01
   4.6703297e-01
   4.2307692e-01
   3.0769231e-01
   1.4835165e-01
  -5.4945055e-03
  -1.3736264e-01
  -2.6373626e-01
  -3.1868132e-01
  -3.1318681e-01
  -2.8021978e-01
  -2.3626374e-01
  -1.3736264e-01
  -7.1428571e-02
  -2.1978022e-02
   2.1978022e-02
   9.3406593e-02
   9.3406593e-02
   1.1538462e-01
   1.2637363e-01
   9.3406593e-02
   7.1428571e-02
   6.5934066e-02
   5.4945055e-03
  -2.7472527e-02
  -7.1428571e-02
  -1.1538462e-01
  -1.2087912e-01
  -1.6483516e-01
  -1.7032967e-01
  -1.7032967e-01
  -1.7032967e-01
  -1.9230769e-01
  -1.9230769e-01
  -1.8681319e-01
  -1.8131868e-01
  -1.4835165e-01
  -1.2637363e-01
  -8.7912088e-02
  -6.0439560e-02
  -5.4945055e-02
  -1.0989011e-02
  -5.4945055e-03
  -5.4945055e-03
  -5.4945055e-03
   0.0000000e+00
   3.2967033e-02
   4.9450549e-02
   5.4945055e-02
   6.0439560e-02
   4.9450549e-02
   4.9450549e-02
   6.0439560e-02
   0.0000000e+00
   5.4945055e-03
   1.6483516e-02
  -1.0989011e-02
  -3.8461538e-02
  -3.2967033e-02
  -4.9450549e-02
  -8.7912088e-02
  -1.1538462e-01
  -1.3736264e-01
  -1.3736264e-01
  -1.3736264e-01
  -1.3736264e-01
  -1.5384615e-01
  -2.2527473e-01
  -2.8571429e-01
  -3.9010989e-01
  -4.3956044e-01
  -3.3516484e-01
  -1.8681319e-01
  -7.1428571e-02
   9.8901099e-02
   2.8021978e-01
   4.0109890e-01
   4.8351648e-01
   4.9450549e-01
   4.4505495e-01
   3.1868132e-01
   1.9230769e-01
   2.1978022e-02
  -1.4285714e-01
  -2.8571429e-01
  -3.4615385e-01
  -3.3516484e-01
  -2.5274725e-01
  -1.8681319e-01
  -1.3736264e-01
  -4.9450549e-02
   2.1978022e-02
   6.0439560e-02
   1.0439560e-01
   1.1538462e-01
   1.1538462e-01
   1.0439560e-01
   1.2087912e-01
   9.8901099e-02
   9.3406593e-02
   5.4945055e-02
   2.7472527e-02
  -2.7472527e-02
  -1.4285714e-01
  -2.2527473e-01
  -1.1538462e-01
  -1.4835165e-01
  -1.5384615e-01
  -9.8901099e-02
  -9.3406593e-02
   1.6483516e-02
   7.6923077e-02
   1.5934066e-01
   1.9230769e-01
   2.2527473e-01
   2.0879121e-01
   1.2637363e-01
   6.5934066e-02
   1.6483516e-02
  -3.8461538e-02
  -6.5934066e-02
  -1.0989011e-01
  -1.3736264e-01
  -1.0439560e-01
  -6.0439560e-02
  -1.0989011e-02
   6.0439560e-02
   1.0989011e-01
   1.7032967e-01
   1.9780220e-01
   2.0879121e-01
   2.0879121e-01
   2.0879121e-01
   1.8681319e-01
   1.4285714e-01
   3.8461538e-02
  -4.3956044e-02
  -8.7912088e-02
  -1.3736264e-01
  -2.0329670e-01
  -1.2637363e-01
  -7.6923077e-02
  -9.3406593e-02
  -6.5934066e-02
  -2.7472527e-02
  -5.4945055e-03
   1.6483516e-02
   4.9450549e-02
   6.5934066e-02
   3.2967033e-02
   6.0439560e-02
   6.5934066e-02
   3.8461538e-02
  -1.0439560e-01
  -1.4835165e-01
  -2.6373626e-01
  -6.6483516e-01
  -5.9890110e-01
  -4.9450549e-01
  -5.0000000e-01
  -3.7362637e-01
  -1.5934066e-01
   1.6483516e-02
   2.9670330e-01
   4.8351648e-01
   6.0989011e-01
   6.7582418e-01
   6.2087912e-01
   4.8351648e-01
   2.1978022e-01
   3.8461538e-02
  -1.2637363e-01
  -2.7472527e-01
  -3.4615385e-01
  -3.2967033e-01
  -3.1318681e-01
  -2.2527473e-01
  -9.3406593e-02
   2.1978022e-02
   1.5384615e-01
   2.3626374e-01
   3.2417582e-01
   3.8461538e-01
   4.0109890e-01
   3.7912088e-01
   3.2967033e-01
   2.8021978e-01
   2.0329670e-01
   1.4285714e-01
   7.1428571e-02
   1.6483516e-02
   1.0989011e-02
  -3.2967033e-02
  -3.8461538e-02
  -4.3956044e-02
  -4.9450549e-02
  -2.1978022e-02
  -5.4945055e-03
   5.4945055e-03
   1.0989011e-02
   1.6483516e-02
   3.2967033e-02
   2.7472527e-02
  -1.0989011e-02
   2.1978022e-02
   1.6483516e-02
  -5.4945055e-03
  -3.2967033e-02
  -2.1978022e-02
  -1.6483516e-02
  -3.2967033e-02
  -1.6483516e-02
   0.0000000e+00
   2.1978022e-02
   2.7472527e-02
   4.3956044e-02
   8.2417582e-02
   9.8901099e-02
   9.8901099e-02
   8.7912088e-02
   7.6923077e-02
   8.2417582e-02
   9.8901099e-02
   4.9450549e-02
   6.5934066e-02
   8.7912088e-02
   4.9450549e-02
   2.1978022e-02
   3.8461538e-02
   2.1978022e-02
   1.6483516e-02
  -5.4945055e-03
  -2.7472527e-02
   0.0000000e+00
   0.0000000e+00
   1.6483516e-02
   1.0989011e-02
   1.6483516e-02
  -1.0989011e-02
   1.0989011e-02
   0.0000000e+00
   0.0000000e+00
  -1.6483516e-02
  -1.6483516e-02
   0.0000000e+00
   1.0989011e-02
   1.0989011e-02
  -1.6483516e-02
  -5.4945055e-03
   5.4945055e-03
  -3.2967033e-02
  -5.4945055e-02
   5.4945055e-03
   1.0989011e-02
  -1.0989011e-02
  -2.1978022e-02
  -4.9450549e-02
  -6.0439560e-02
  -9.3406593e-02
  -1.0439560e-01
  -9.8901099e-02
  -1.0989011e-01
  -8.7912088e-02
  -1.0439560e-01
  -1.0439560e-01
  -6.5934066e-02
  -9.3406593e-02
  -9.3406593e-02
  -7.1428571e-02
  -6.5934066e-02
  -6.5934066e-02
  -8.2417582e-02
  -8.2417582e-02
  -7.1428571e-02
  -7.6923077e-02
  -8.7912088e-02
  -8.2417582e-02
  -1.1538462e-01
  -6.0439560e-02
  -1.6483516e-02
   5.4945055e-03
   1.6483516e-02
  -5.4945055e-03
   1.0989011e-02
   1.0989011e-02
  -5.4945055e-03
  -4.9450549e-02
  -7.1428571e-02
  -1.1538462e-01
  -1.2637363e-01
  -1.6483516e-01
  -1.5934066e-01
  -1.3736264e-01
  -1.4835165e-01
  -1.3186813e-01
  -1.2087912e-01
  -8.7912088e-02
  -7.6923077e-02
  -6.5934066e-02
  -4.9450549e-02
  -4.9450549e-02
  -2.1978022e-02
  -1.6483516e-02
   0.0000000e+00
  -1.0989011e-02
  -3.2967033e-02
  -6.0439560e-02
  -4.9450549e-02
  -2.1978022e-02
  -1.0989011e-02
  -5.4945055e-03
   0.0000000e+00
  -1.0989011e-02
  -5.4945055e-03
  -5.4945055e-03
   3.2967033e-02
   1.6483516e-02
   1.6483516e-02
   4.3956044e-02
   3.8461538e-02
   1.0989011e-02
   1.0989011e-02
   1.0989011e-02
   2.7472527e-02
   3.2967033e-02
   4.9450549e-02
   7.6923077e-02
   6.0439560e-02
   7.1428571e-02
   6.0439560e-02
   6.0439560e-02
   4.9450549e-02
   4.3956044e-02
   2.7472527e-02
   2.1978022e-02
   0.0000000e+00
   1.0989011e-02
   5.4945055e-03
   2.1978022e-02
   5.4945055e-03
   3.2967033e-02
   1.6483516e-02
   3.2967033e-02
   3.2967033e-02
   4.3956044e-02
   6.0439560e-02
   3.2967033e-02
   6.0439560e-02
   5.4945055e-02
   6.0439560e-02
   5.4945055e-02
   6.0439560e-02
   7.6923077e-02
   5.4945055e-02
   8.2417582e-02
   8.7912088e-02
   8.2417582e-02
   7.6923077e-02
   8.2417582e-02
   8.2417582e-02
   6.5934066e-02
   8.2417582e-02
   6.5934066e-02
   6.5934066e-02
   3.8461538e-02
   2.7472527e-02
   3.2967033e-02
   4.9450549e-02
   4.3956044e-02
   4.9450549e-02
   3.8461538e-02
   2.1978022e-02
  -1.0989011e-02
  -1.0989011e-02
  -5.4945055e-03
   0.0000000e+00
  -2.1978022e-02
  -5.4945055e-02
  -4.9450549e-02
  -7.6923077e-02
  -5.4945055e-02
  -6.0439560e-02
  -4.9450549e-02
  -7.1428571e-02
  -5.4945055e-02
  -4.9450549e-02
  -5.4945055e-02
  -4.9450549e-02
  -6.0439560e-02
  -8.2417582e-02
  -4.9450549e-02
  -5.4945055e-02
  -2.7472527e-02
  -4.9450549e-02
  -5.4945055e-02
  -4.9450549e-02
  -2.1978022e-02
  -2.1978022e-02
   2.1978022e-02
   2.1978022e-02
   3.8461538e-02
   3.8461538e-02
   3.8461538e-02
   5.4945055e-02
   4.9450549e-02
   3.8461538e-02
   6.0439560e-02
   6.5934066e-02
   4.3956044e-02
   3.2967033e-02
   3.8461538e-02
   4.3956044e-02
   4.9450549e-02
   4.9450549e-02
   6.5934066e-02
   2.7472527e-02
   5.4945055e-03
   1.6483516e-02
   3.2967033e-02
   2.7472527e-02
   0.0000000e+00
  -1.6483516e-02
  -1.0989011e-02
  -2.1978022e-02
  -4.9450549e-02
  -8.2417582e-02
  -7.1428571e-02
  -5.4945055e-02
  -3.2967033e-02
  -4.9450549e-02
  -6.0439560e-02
  -6.5934066e-02
  -5.4945055e-02
  -6.0439560e-02
  -6.0439560e-02
  -6.5934066e-02
  -7.1428571e-02
  -6.5934066e-02
  -5.4945055e-02
  -3.8461538e-02
  -4.9450549e-02
  -4.3956044e-02
  -4.9450549e-02
  -2.7472527e-02
  -2.7472527e-02
  -2.1978022e-02
  -3.2967033e-02
   5.4945055e-03
   1.0989011e-02
   1.0989011e-02
   2.1978022e-02
   1.0989011e-02
   2.1978022e-02
   2.1978022e-02
   1.6483516e-02
   2.1978022e-02
   1.6483516e-02
   2.1978022e-02
   5.4945055e-03
  -1.6483516e-02
  -1.6483516e-02
  -4.9450549e-02
  -3.8461538e-02
  -3.2967033e-02
  -4.9450549e-02
  -5.4945055e-02
  -7.1428571e-02
  -4.9450549e-02
  -6.0439560e-02
  -5.4945055e-02
  -4.9450549e-02
  -7.6923077e-02
  -1.0989011e-01
  -1.1538462e-01
  -8.2417582e-02
  -1.1538462e-01
  -9.8901099e-02
  -1.0989011e-01
  -9.8901099e-02
  -1.0989011e-01
  -1.0439560e-01
  -1.0439560e-01
  -1.2637363e-01
  -1.5384615e-01
  -1.3736264e-01
  -1.4285714e-01
  -1.2637363e-01
  -1.1538462e-01
  -1.0989011e-01
  -9.8901099e-02
  -9.3406593e-02
  -9.3406593e-02
  -5.4945055e-02
  -3.2967033e-02
  -3.2967033e-02
  -4.9450549e-02
  -3.2967033e-02
  -2.1978022e-02
  -2.7472527e-02
  -2.1978022e-02
  -3.2967033e-02
  -5.4945055e-03
  -5.4945055e-03
  -2.1978022e-02
   2.1978022e-02
   3.2967033e-02
   3.8461538e-02
   7.1428571e-02
   6.0439560e-02
   2.7472527e-02
   2.1978022e-02
   1.0989011e-02
   3.2967033e-02
   1.0989011e-02
  -5.4945055e-03
   1.6483516e-02
   2.1978022e-02
   1.6483516e-02
   0.0000000e+00
   2.1978022e-02
   2.7472527e-02
   1.6483516e-02
  -1.0989011e-02
  -5.4945055e-03
  -5.4945055e-03
  -3.2967033e-02
  -3.8461538e-02
  -5.4945055e-02
  -4.9450549e-02
  -6.0439560e-02
  -7.1428571e-02
  -4.9450549e-02
  -6.0439560e-02
  -8.2417582e-02
  -5.4945055e-02
  -3.2967033e-02
  -5.4945055e-03
  -3.8461538e-02
  -5.4945055e-02
  -6.0439560e-02
  -9.3406593e-02
  -5.4945055e-02
  -2.1978022e-02
  -3.2967033e-02
  -5.4945055e-03
   0.0000000e+00
   2.7472527e-02
   3.2967033e-02
   5.4945055e-03
  -5.4945055e-03
   1.6483516e-02
  -1.0989011e-02
   2.1978022e-02
   3.2967033e-02
   4.9450549e-02
   4.9450549e-02
   5.4945055e-02
   4.9450549e-02
   3.2967033e-02
   2.7472527e-02
   3.8461538e-02
   2.1978022e-02
   0.0000000e+00
   2.1978022e-02
   1.0989011e-02
  -5.4945055e-03
  -2.1978022e-02
   0.0000000e+00
   1.6483516e-02
   1.6483516e-02
   2.1978022e-02
   1.6483516e-02
   5.4945055e-03
  -1.6483516e-02
  -1.6483516e-02
  -2.7472527e-02
  -3.2967033e-02
  -3.8461538e-02
  -3.2967033e-02
  -2.1978022e-02
  -1.6483516e-02
  -3.8461538e-02
  -3.8461538e-02
  -4.9450549e-02
  -2.1978022e-02
  -1.6483516e-02
  -3.2967033e-02
  -1.0989011e-02
  -5.4945055e-03
  -1.6483516e-02
  -2.1978022e-02
  -2.1978022e-02
  -2.1978022e-02
   0.0000000e+00
   2.1978022e-02
  -5.4945055e-03
  -5.4945055e-03
   2.7472527e-02
   2.7472527e-02
   4.9450549e-02
   4.3956044e-02
   3.8461538e-02
   4.9450549e-02
   7.6923077e-02
   4.3956044e-02
   1.6483516e-02
   3.2967033e-02
   4.9450549e-02
   1.0989011e-02
   4.3956044e-02
   4.9450549e-02
   3.2967033e-02
   2.7472527e-02
   0.0000000e+00
   1.0989011e-02
  -5.4945055e-03
  -1.0989011e-02
  -5.4945055e-03
  -5.4945055e-03
  -1.6483516e-02
   0.0000000e+00
  -5.4945055e-03
   3.2967033e-02
   3.2967033e-02
   1.6483516e-02
   2.1978022e-02
   2.7472527e-02
   3.8461538e-02
   4.9450549e-02
   4.9450549e-02
   6.5934066e-02
   2.7472527e-02
   3.2967033e-02
   4.3956044e-02
   2.1978022e-02
   3.2967033e-02
   2.7472527e-02
   5.4945055e-02
   5.4945055e-02
   7.1428571e-02
   6.0439560e-02
   5.4945055e-02
   3.8461538e-02
   6.5934066e-02
   5.4945055e-02
   6.5934066e-02
   8.2417582e-02
   4.3956044e-02
   8.2417582e-02
   1.0989011e-01
   7.6923077e-02
   6.5934066e-02
   4.3956044e-02
   2.1978022e-02
   4.3956044e-02
   4.3956044e-02
   3.8461538e-02
   3.8461538e-02
   5.4945055e-02
   4.9450549e-02
   5.4945055e-02
   5.4945055e-02
   2.7472527e-02
   3.2967033e-02
   2.1978022e-02
   1.0989011e-02
   0.0000000e+00
   1.6483516e-02
   0.0000000e+00
   1.0989011e-02
   3.2967033e-02
   3.2967033e-02
   1.6483516e-02
   3.8461538e-02
   2.1978022e-02
   1.6483516e-02
  -1.6483516e-02
  -2.7472527e-02
  -2.7472527e-02
  -1.0989011e-02
  -5.4945055e-03
   0.0000000e+00
  -1.0989011e-02
  -2.1978022e-02
  -1.0989011e-02
  -5.4945055e-03
  -2.1978022e-02
   2.1978022e-02
   1.0989011e-02
   1.6483516e-02
   3.2967033e-02
   5.4945055e-03
   2.1978022e-02
   1.0989011e-02
  -5.4945055e-03
   3.2967033e-02
  -5.4945055e-03
  -1.0989011e-02
   0.0000000e+00
   5.4945055e-03
   3.2967033e-02
  -5.4945055e-03
  -1.0989011e-02
   1.6483516e-02
   0.0000000e+00
  -1.0989011e-02
   0.0000000e+00
   1.6483516e-02
   1.0989011e-02
  -5.4945055e-03
  -5.4945055e-03
  -5.4945055e-03
  -1.0989011e-02
   1.0989011e-02
  -2.7472527e-02
  -2.7472527e-02
  -5.4945055e-03
  -1.6483516e-02
  -2.1978022e-02
  -1.0989011e-02
  -5.4945055e-03
  -1.6483516e-02
  -1.0989011e-02
  -1.0989011e-02
  -2.7472527e-02
  -2.1978022e-02
  -1.0989011e-02
  -2.1978022e-02
  -5.4945055e-02
  -3.8461538e-02
  -4.9450549e-02
  -3.8461538e-02
  -5.4945055e-02
  -3.8461538e-02
  -5.4945055e-02
  -2.1978022e-02
  -4.3956044e-02
   0.0000000e+00
  -1.6483516e-02
  -1.6483516e-02
  -3.8461538e-02
  -6.0439560e-02
  -6.0439560e-02
  -5.4945055e-02
  -6.0439560e-02
  -4.9450549e-02
  -7.6923077e-02
  -9.3406593e-02
  -9.3406593e-02
  -9.8901099e-02
  -9.3406593e-02
  -9.3406593e-02
  -8.7912088e-02
  -8.7912088e-02
  -8.7912088e-02
  -1.0989011e-01
  -9.8901099e-02
  -1.2087912e-01
  -1.3736264e-01
  -1.2637363e-01
  -1.3736264e-01
  -1.3186813e-01
  -1.2087912e-01
  -1.2637363e-01
  -1.3736264e-01
  -1.2087912e-01
  -1.2087912e-01
  -1.0989011e-01
  -1.1538462e-01
  -8.7912088e-02
  -9.8901099e-02
  -9.3406593e-02
  -8.2417582e-02
  -1.0989011e-01
  -9.8901099e-02
  -1.0439560e-01
  -1.2087912e-01
  -1.0439560e-01
  -9.3406593e-02
  -9.3406593e-02
  -8.7912088e-02
  -7.6923077e-02
  -7.6923077e-02
  -6.5934066e-02
  -7.6923077e-02
  -4.3956044e-02
  -4.9450549e-02
  -6.5934066e-02
  -7.1428571e-02
  -7.1428571e-02
  -9.8901099e-02
  -7.1428571e-02
  -9.8901099e-02
  -4.9450549e-02
  -7.6923077e-02
  -7.1428571e-02
  -4.9450549e-02
  -4.9450549e-02
  -2.7472527e-02
  -4.9450549e-02
  -3.2967033e-02
  -3.8461538e-02
  -3.8461538e-02
  -4.9450549e-02
  -7.6923077e-02
  -6.5934066e-02
  -5.4945055e-02
  -6.0439560e-02
  -4.9450549e-02
  -6.0439560e-02
  -4.9450549e-02
  -6.5934066e-02
  -7.6923077e-02
  -7.6923077e-02
  -8.7912088e-02
  -7.1428571e-02
  -7.1428571e-02
  -7.1428571e-02
  -8.7912088e-02
  -7.6923077e-02
  -8.2417582e-02
  -7.6923077e-02
  -9.3406593e-02
  -7.6923077e-02
  -1.0989011e-01
  -9.3406593e-02
  -7.6923077e-02
  -9.8901099e-02
  -7.1428571e-02
  -7.6923077e-02
  -8.7912088e-02
  -8.7912088e-02
  -1.0989011e-01
  -1.0989011e-01
  -1.1538462e-01
  -9.3406593e-02
  -8.2417582e-02
  -1.2087912e-01
  -9.8901099e-02
  -1.0439560e-01
  -9.8901099e-02
  -9.3406593e-02
  -1.0989011e-01
  -1.1538462e-01
  -1.0439560e-01
  -8.2417582e-02
  -8.2417582e-02
  -9.8901099e-02
  -1.4285714e-01
  -1.1538462e-01
  -1.1538462e-01
  -1.1538462e-01
  -1.2637363e-01
  -1.2087912e-01
  -1.0989011e-01
  -1.0989011e-01
  -1.2087912e-01
  -1.3736264e-01
  -1.3736264e-01
  -1.4835165e-01
  -1.3186813e-01
  -1.3186813e-01
  -1.2637363e-01
  -1.2637363e-01
  -1.2087912e-01
  -1.2637363e-01
  -1.3186813e-01
  -1.4835165e-01
  -1.3186813e-01
  -1.4285714e-01
  -1.6483516e-01
  -1.3736264e-01
  -1.3186813e-01
  -1.6483516e-01
  -1.4285714e-01
  -1.4835165e-01
  -1.4285714e-01
  -1.3186813e-01
  -9.8901099e-02
  -1.3186813e-01
  -1.3186813e-01
  -1.0989011e-01
  -1.3186813e-01
  -1.3736264e-01
  -1.5384615e-01
  -1.0989011e-01
  -1.2087912e-01
  -1.2637363e-01
  -8.2417582e-02
  -1.2087912e-01
  -1.1538462e-01
  -9.8901099e-02
  -1.1538462e-01
  -9.8901099e-02
  -9.8901099e-02
  -1.0439560e-01
  -9.8901099e-02
  -8.7912088e-02
  -8.7912088e-02
  -8.2417582e-02
  -6.5934066e-02
  -8.2417582e-02
  -8.2417582e-02
  -8.7912088e-02
  -7.1428571e-02
  -6.5934066e-02
  -6.0439560e-02
  -7.1428571e-02
  -6.5934066e-02
  -6.0439560e-02
  -4.9450549e-02
  -5.4945055e-02
  -4.9450549e-02
  -7.6923077e-02
  -7.6923077e-02
  -8.2417582e-02
  -9.3406593e-02
  -8.7912088e-02
  -7.6923077e-02
  -1.0439560e-01
  -6.0439560e-02
  -6.0439560e-02
  -7.1428571e-02
  -9.3406593e-02
  -9.3406593e-02
  -8.2417582e-02
  -7.1428571e-02
  -8.7912088e-02
  -1.0439560e-01
  -7.6923077e-02
  -8.7912088e-02
  -8.7912088e-02
  -9.8901099e-02
  -8.7912088e-02
  -1.0989011e-01
  -8.7912088e-02
  -8.7912088e-02
  -8.2417582e-02
  -6.5934066e-02
  -7.6923077e-02
  -6.5934066e-02
  -6.0439560e-02
  -9.3406593e-02
  -6.0439560e-02
  -4.9450549e-02
  -6.0439560e-02
  -5.4945055e-02
  -3.8461538e-02
  -2.1978022e-02
  -2.7472527e-02
  -4.9450549e-02
  -6.5934066e-02
  -7.1428571e-02
  -7.6923077e-02
  -6.0439560e-02
  -5.4945055e-02
  -4.9450549e-02
  -2.1978022e-02
  -2.1978022e-02
  -2.1978022e-02
  -2.1978022e-02
  -1.6483516e-02
  -5.4945055e-03
  -5.4945055e-03
   0.0000000e+00
  -1.0989011e-02
  -3.2967033e-02
  -1.0989011e-02
  -1.6483516e-02
  -1.0989011e-02
  -5.4945055e-03
  -1.0989011e-02
  -1.6483516e-02
   5.4945055e-03
   0.0000000e+00
   5.4945055e-03
   0.0000000e+00
  -5.4945055e-03
   0.0000000e+00
   1.6483516e-02
  -5.4945055e-03
  -1.0989011e-02
  -5.4945055e-03
  -2.1978022e-02
  -5.4945055e-03
  -1.6483516e-02
   1.0989011e-02
  -2.1978022e-02
  -1.0989011e-02
  -1.0989011e-02
  -3.2967033e-02
  -4.9450549e-02
  -1.6483516e-02
  -1.6483516e-02
  -3.8461538e-02
  -4.3956044e-02
  -2.1978022e-02
  -1.0989011e-02
  -1.6483516e-02
  -6.5934066e-02
  -5.4945055e-02
  -6.0439560e-02
  -4.9450549e-02
  -6.5934066e-02
  -2.7472527e-02
  -5.4945055e-02
  -4.9450549e-02
  -6.5934066e-02
  -5.4945055e-02
  -3.8461538e-02
  -1.6483516e-02
  -3.8461538e-02
  -2.1978022e-02
  -1.6483516e-02
  -1.0989011e-02
  -2.1978022e-02
  -2.7472527e-02
  -3.8461538e-02
  -1.0989011e-02
  -1.6483516e-02
  -5.4945055e-03
  -2.7472527e-02
  -1.6483516e-02
  -1.6483516e-02
   5.4945055e-03
  -5.4945055e-03
   5.4945055e-03
  -1.0989011e-02
   5.4945055e-03
   2.7472527e-02
   4.3956044e-02
   1.6483516e-02
   3.2967033e-02
   4.9450549e-02
   4.9450549e-02
   4.3956044e-02
   4.3956044e-02
   4.9450549e-02
   3.2967033e-02
   2.7472527e-02
   1.6483516e-02
   1.6483516e-02
   1.6483516e-02
  -1.0989011e-02
  -1.0989011e-02
  -1.6483516e-02
   1.0989011e-02
  -5.4945055e-03
   3.8461538e-02
   3.8461538e-02
   2.7472527e-02
   3.8461538e-02
   3.2967033e-02
   2.1978022e-02
   2.7472527e-02
   1.6483516e-02
   3.8461538e-02
  -5.4945055e-03
   5.4945055e-03
   1.0989011e-02
   5.4945055e-03
   1.0989011e-02
   2.1978022e-02
   0.0000000e+00
  -3.8461538e-02
  -2.7472527e-02
  -1.6483516e-02
   5.4945055e-03
  -2.1978022e-02
  -2.1978022e-02
  -3.8461538e-02
  -4.9450549e-02
   5.4945055e-03
  -1.0989011e-02
  -1.0989011e-02
  -4.9450549e-02
  -4.9450549e-02
  -3.8461538e-02
  -3.8461538e-02
  -1.6483516e-02
  -4.9450549e-02
  -6.5934066e-02
  -5.4945055e-02
  -6.0439560e-02
  -6.0439560e-02
  -3.8461538e-02
  -2.7472527e-02
  -2.7472527e-02
  -5.4945055e-02
  -4.9450549e-02
  -4.9450549e-02
  -7.1428571e-02
  -4.9450549e-02
  -7.1428571e-02
  -6.0439560e-02
  -3.2967033e-02
  -3.2967033e-02
  -4.9450549e-02
  -4.9450549e-02
  -6.5934066e-02
  -6.5934066e-02
  -4.9450549e-02
  -6.5934066e-02
  -7.6923077e-02
  -7.1428571e-02
  -4.3956044e-02
  -5.4945055e-02
  -3.2967033e-02
  -4.9450549e-02
  -5.4945055e-02
  -3.8461538e-02
  -4.9450549e-02
  -3.2967033e-02
  -1.6483516e-02
  -4.9450549e-02
  -4.9450549e-02
  -2.7472527e-02
  -4.9450549e-02
  -3.8461538e-02
  -4.9450549e-02
  -6.5934066e-02
  -4.9450549e-02
  -7.6923077e-02
  -6.0439560e-02
  -4.9450549e-02
  -7.1428571e-02
  -7.1428571e-02
  -7.1428571e-02
  -6.5934066e-02
  -6.5934066e-02
  -8.2417582e-02
  -8.7912088e-02
  -8.2417582e-02
  -1.0989011e-01
  -7.6923077e-02
  -8.7912088e-02
  -8.7912088e-02
  -8.7912088e-02
  -8.2417582e-02
  -9.3406593e-02
  -9.3406593e-02
  -8.7912088e-02
  -8.7912088e-02
  -9.3406593e-02
  -8.7912088e-02
  -9.8901099e-02
  -9.8901099e-02
  -1.0989011e-01
  -8.7912088e-02
  -9.8901099e-02
  -1.1538462e-01
  -1.0989011e-01
  -9.3406593e-02
  -8.2417582e-02
  -1.1538462e-01
  -1.0989011e-01
  -1.3736264e-01
  -9.3406593e-02
  -1.0989011e-01
  -1.0439560e-01
  -1.0439560e-01
  -7.6923077e-02
  -8.7912088e-02
  -7.1428571e-02
  -7.1428571e-02
  -6.0439560e-02
  -5.4945055e-02
  -6.5934066e-02
  -1.1538462e-01
  -9.3406593e-02
  -8.2417582e-02
  -6.5934066e-02
  -6.0439560e-02
  -3.8461538e-02
  -5.4945055e-02
  -6.5934066e-02
  -9.8901099e-02
  -9.3406593e-02
  -7.1428571e-02
  -4.9450549e-02
  -6.5934066e-02
  -7.1428571e-02
  -6.5934066e-02
  -6.0439560e-02
  -4.9450549e-02
  -6.5934066e-02
  -6.5934066e-02
  -9.3406593e-02
  -6.5934066e-02
  -8.2417582e-02
  -8.7912088e-02
  -1.0439560e-01
  -8.7912088e-02
  -8.2417582e-02
  -5.4945055e-02
  -4.9450549e-02
  -4.9450549e-02
  -4.9450549e-02
  -7.1428571e-02
  -9.3406593e-02
  -7.1428571e-02
  -6.5934066e-02
  -8.2417582e-02
  -7.1428571e-02
  -8.7912088e-02
  -8.2417582e-02
  -8.7912088e-02
  -8.2417582e-02
  -7.1428571e-02
  -6.5934066e-02
  -4.9450549e-02
  -6.0439560e-02
  -4.9450549e-02
  -6.0439560e-02
  -5.4945055e-02
  -5.4945055e-02
  -1.6483516e-02
  -3.2967033e-02
  -5.4945055e-02
  -6.0439560e-02
  -4.3956044e-02
  -3.2967033e-02
  -1.0989011e-02
  -1.6483516e-02
  -2.7472527e-02
  -2.7472527e-02
  -2.7472527e-02
  -1.6483516e-02
  -3.8461538e-02
  -3.8461538e-02
  -3.2967033e-02
  -3.2967033e-02
  -4.3956044e-02
  -3.2967033e-02
  -1.6483516e-02
  -1.6483516e-02
   2.1978022e-02
   5.4945055e-03
   0.0000000e+00
  -2.7472527e-02
   0.0000000e+00
  -3.8461538e-02
  -3.8461538e-02
  -5.4945055e-02
  -4.9450549e-02
  -3.2967033e-02
  -4.9450549e-02
  -3.8461538e-02
  -3.8461538e-02
  -2.1978022e-02
  -2.1978022e-02
  -3.2967033e-02
  -1.6483516e-02
  -1.0989011e-02
  -2.1978022e-02
  -4.9450549e-02
  -3.8461538e-02
  -2.1978022e-02
  -1.6483516e-02
  -3.8461538e-02
  -1.0989011e-02
  -2.1978022e-02
   5.4945055e-03
   1.0989011e-02
   1.6483516e-02
   5.4945055e-03
   1.0989011e-02
  -5.4945055e-03
  -1.6483516e-02
  -3.2967033e-02
  -3.8461538e-02
  -5.4945055e-02
  -2.7472527e-02
  -4.3956044e-02
  -1.6483516e-02
  -5.4945055e-03
  -2.1978022e-02
  -4.9450549e-02
  -1.6483516e-02
  -1.6483516e-02
  -1.6483516e-02
  -3.8461538e-02
  -4.9450549e-02
  -6.5934066e-02
  -8.7912088e-02
  -6.0439560e-02
  -4.9450549e-02
  -4.3956044e-02
  -5.4945055e-02
  -4.9450549e-02
  -4.9450549e-02
  -5.4945055e-02
  -5.4945055e-02
  -7.1428571e-02
  -3.8461538e-02
  -3.2967033e-02
  -7.1428571e-02
  -6.5934066e-02
