79
79
79
79
79
79
79
79
79
79
79
79
79
79
79
79
79
79
79
79
79
66
58
62
68
72
77
84
95
106
113
106
78
73
74
83
90
94
90
83
81
80
77
71
68
70
73
77
81
92
109
121
155
168
156
129
108
96
92
89
88
88
85
73
53
40
35
32
32
29
14
11
-1
-11
-13
-10
-5
3
10
19
30
43
57
66
71
78
89
104
115
120
150
172
179
176
180
192
204
213
211
205
199
196
193
183
170
156
148
150
134
134
121
111
102
101
107
106
105
116
133
150
162
170
183
200
221
235
252
252
262
253
231
206
195
199
212
226
236
241
245
250
261
274
282
288
291
296
286
289
277
269
267
267
264
250
226
194
158
120
87
63
47
41
43
53
67
60
60
39
3
-35
-69
-93
-109
-116
-119
-113
-101
-86
-66
-43
-21
-9
1
19
22
37
39
38
35
39
53
69
78
86
92
88
78
64
51
37
19
0
-11
-35
-49
-70
-83
-79
-68
-57
-50
-44
-43
-46
-59
-76
-88
-80
-55
-30
-7
15
17
29
25
13
4
5
13
26
40
46
44
40
34
29
20
9
-9
-25
-28
-44
-42
-50
-56
-70
-84
-95
-105
-114
-127
-138
-151
-163
-174
-187
-195
-202
-206
-208
-225
-221
-220
-212
-197
-185
-180
-184
-191
-199
-207
-226
-244
-255
-254
-246
-236
-224
-202
-191
-168
-160
-158
-153
-140
-128
-120
-116
-121
-125
-131
-135
-145
-150
-145
-142
-136
-123
-127
-120
-122
-125
-133
-145
-160
-180
-198
-212
-218
-223
-219
-206
-190
-177
-180
-197
-205
-215
-201
-193
-179
-164
-158
-154
-137
-122
-119
-123
-121
-108
-98
-104
-117
-134
-151
-159
-180
-184
-190
-191
-188
-187
-186
-180
-164
-143
-118
-103
-99
-99
-99
-93
-92
-98
-90
-97
-87
-86
-82
-80
-82
-79
-68
-51
-34
-19
-5
5
2
-12
-29
-50
-69
-70
-78
-72
-75
-77
-77
-68
-58
-55
-57
-69
-86
-106
-123
-135
-141
-145
-148
-150
-139
-137
-118
-104
-92
-84
-78
-81
-92
-106
-119
-122
-111
-90
-64
-42
-24
-25
-30
-23
-33
-31
-31
-32
-40
-44
-40
-33
-30
-40
-59
-79
-96
-105
-107
-95
-86
-81
-68
-71
-67
-67
-61
-52
-43
-40
-43
-46
-46
-50
-60
-68
-64
-53
-32
-19
-19
-15
-32
-39
-40
-30
-17
-4
7
19
29
34
33
29
30
37
50
68
72
62
62
44
36
22
10
7
9
12
19
28
32
32
23
14
11
11
21
29
30
47
40
41
41
52
64
79
100
114
125
131
135
145
167
192
206
212
205
195
198
195
200
203
211
