-93
-93
-93
-93
-93
-93
-93
-93
-93
-93
-93
-93
-93
-93
-93
-93
-93
-93
-93
-93
-93
-91
-89
-88
-90
-102
-119
-120
-101
-63
-30
-10
1
2
-2
-27
-61
-70
-85
-91
-98
-104
-110
-119
-127
-137
-143
-147
-153
-162
-171
-177
-186
-184
-176
-170
-139
-117
-92
-72
-61
-60
-66
-72
-75
-77
-82
-84
-83
-83
-83
-85
-93
-108
-117
-93
-72
-48
-31
-24
-20
-12
0
13
28
46
62
71
77
91
103
115
121
115
130
134
136
133
123
106
83
67
61
71
88
114
142
171
195
206
205
193
174
177
168
167
171
174
171
165
158
159
162
163
164
164
161
158
150
145
145
141
150
132
107
77
58
51
52
54
46
33
26
21
21
26
36
44
53
53
36
27
4
-11
-18
-21
-23
-20
-9
4
21
43
70
93
104
101
84
68
46
19
21
20
25
30
28
18
9
13
17
16
16
20
17
11
8
7
14
23
30
53
60
73
87
90
79
57
36
20
10
3
1
3
7
14
15
17
16
3
2
-15
-31
-42
-51
-57
-52
-44
-40
-42
-47
-43
-30
-15
1
11
15
12
-4
-5
-17
-26
-33
-41
-49
-52
-51
-50
-50
-52
-52
-45
-35
-29
-32
-38
-41
-51
-40
-37
-34
-33
-35
-38
-39
-42
-49
-61
-79
-97
-108
-117
-131
-144
-141
-124
-111
-77
-59
-47
-39
-34
-37
-45
-54
-56
-48
-36
-31
-34
-47
-59
-62
-46
-24
-18
2
15
13
-2
-26
-47
-54
-45
-21
6
15
9
-6
-18
-28
-40
-53
-74
-104
-106
-112
-109
-98
-86
-80
-89
-100
-108
-112
-112
-105
-95
-84
-71
-64
-58
-48
-44
-22
-12
-1
9
17
27
40
43
40
34
26
22
28
38
46
41
34
34
26
41
45
51
50
44
36
29
20
13
20
29
36
43
56
67
69
64
57
35
28
4
-23
-36
-31
-21
-15
-14
-14
-7
1
13
11
14
24
34
41
47
36
34
13
-12
-38
-62
-77
-92
-102
-114
-122
-126
-120
-104
-84
-61
-47
-41
-32
-35
-30
-37
-44
-50
-55
-61
-56
-41
-34
-32
-30
-20
-5
6
13
11
13
24
20
27
18
8
3
0
-2
-6
-12
-20
-26
-27
-28
-26
-20
-6
-5
-12
-17
-33
-31
-37
-43
-40
-23
0
27
49
63
64
56
48
41
36
41
51
64
82
83
98
93
92
99
114
128
133
128
120
112
102
90
80
69
61
57
64
81
75
74
61
53
48
49
53
61
72
74
67
54
40
36
38
42
41
42
53
52
68
76
84
80
73
75
79
86
84
79
69
60
58
58
64
61
49
48
