90
90
90
90
90
90
90
90
90
90
90
90
90
90
90
90
90
90
90
90
90
76
58
38
36
27
34
40
40
32
25
24
31
42
43
34
26
30
42
56
80
97
102
121
127
138
148
158
161
155
152
155
162
165
168
171
168
156
145
146
147
136
140
127
126
123
123
121
111
95
86
89
91
83
62
39
21
15
26
30
23
29
13
4
-1
2
8
11
12
21
31
41
45
52
61
67
67
72
66
66
87
89
86
76
67
66
63
53
35
17
3
-6
-15
-22
-19
-8
12
25
34
67
95
128
148
147
135
131
142
166
188
203
206
204
201
202
188
165
135
112
120
118
126
129
131
122
101
72
44
25
16
13
13
11
8
6
13
15
8
21
22
27
38
53
59
54
42
29
15
0
-19
-27
-16
2
11
11
4
-18
-18
-22
-23
-33
-54
-79
-104
-123
-139
-150
-155
-154
-152
-149
-147
-148
-142
-134
-131
-113
-107
-101
-104
-110
-115
-108
-94
-79
-66
-62
-68
-84
-104
-123
-139
-146
-160
-181
-183
-186
-182
-183
-186
-184
-173
-152
-129
-110
-99
-91
-82
-69
-53
-42
-33
-24
-23
-3
-6
-21
-33
-35
-33
-29
-19
-8
2
13
30
43
50
51
44
38
30
4
-1
-13
-15
-16
-24
-39
-58
-68
-69
-72
-89
-113
-136
-147
-142
-126
-103
-85
-81
-59
-48
-33
-21
-17
-9
11
34
51
67
82
95
102
97
85
80
82
83
75
83
81
75
73
73
72
67
66
68
70
66
58
42
32
23
10
-1
-15
-41
-46
-56
-58
-61
-66
-75
-80
-86
-86
-81
-74
-65
-55
-48
-45
-51
-63
-79
-94
-83
-79
-75
-71
-66
-59
-48
-38
-32
-35
-39
-38
-37
-36
-37
-34
-26
-17
-24
-14
-20
-26
-34
-43
-52
-61
-64
-75
-89
-94
-93
-90
-86
-79
-78
-78
-74
-74
-47
-33
-19
0
21
38
47
45
34
19
8
10
19
31
44
52
60
68
60
65
59
53
44
26
6
-11
-35
-56
-63
-61
-52
-41
-32
-27
-24
-22
-24
-33
-12
1
4
-1
-17
-38
-60
-75
-85
-92
-98
-101
-99
-101
-104
-120
-136
-143
-148
-134
-130
-132
-132
-137
-142
-140
-131
-118
-98
-73
-52
-42
-42
-41
-40
-34
-25
-32
-25
-28
-26
-30
-41
-50
-38
-15
1
0
-12
-24
-22
-6
8
11
11
20
13
24
20
16
17
19
22
28
37
40
37
31
24
13
4
1
-2
-3
7
8
24
29
29
24
11
-1
-16
-27
-30
-30
-28
-28
-29
-26
-16
-5
1
2
-10
-3
-2
-6
-10
-19
-28
-32
-34
-37
-38
-42
-49
