-116
-116
-116
-116
-116
-116
-116
-116
-116
-116
-116
-116
-116
-116
-116
-116
-116
-116
-116
-116
-116
-111
-101
-92
-92
-93
-93
-93
-93
-101
-87
-77
-66
-54
-43
-35
-23
-13
-6
-9
-25
-48
-65
-72
-66
-60
-50
-35
-34
-18
-17
-23
-32
-39
-32
-15
0
8
13
19
26
33
37
42
48
54
59
47
49
46
51
55
56
53
51
55
64
72
76
82
90
99
113
116
106
94
76
79
78
77
69
55
53
60
67
69
79
90
102
110
110
110
114
123
141
148
174
188
200
209
217
224
227
233
239
250
256
256
252
244
244
243
243
249
236
237
231
225
219
212
213
220
229
233
232
231
237
243
243
249
250
246
256
257
272
276
278
288
304
314
313
308
295
279
269
261
251
243
246
249
254
262
255
261
256
253
256
262
263
254
238
221
197
165
140
125
123
130
131
120
113
85
83
80
76
71
70
72
71
70
71
75
79
82
74
53
33
12
-12
-24
-48
-54
-61
-56
-48
-44
-47
-59
-77
-99
-115
-123
-117
-99
-76
-51
-42
-46
-47
-63
-64
-73
-82
-87
-86
-80
-74
-67
-64
-64
-63
-61
-66
-77
-86
-95
-98
-91
-94
-76
-63
-56
-56
-66
-78
-82
-78
-78
-78
-80
-86
-92
-98
-98
-104
-115
-110
-121
-122
-125
-118
-102
-91
-89
-95
-103
-112
-126
-147
-180
-213
-234
-240
-247
-262
-256
-264
-269
-283
-296
-308
-317
-318
-316
-318
-321
-318
-309
-297
-286
-282
-278
-279
-285
-280
-288
-280
-269
-248
-223
-199
-185
-177
-173
-171
-168
-166
-163
-158
-158
-160
-174
-193
-192
-192
-174
-158
-146
-141
-138
-129
-123
-127
-134
-135
-127
-113
-96
-82
-70
-63
-61
-41
-35
-24
-19
-11
1
10
16
16
12
6
7
11
18
27
34
44
41
22
16
5
13
21
23
15
-2
-21
-46
-64
-79
-88
-98
-113
-121
-130
-136
-153
-171
-172
-187
-192
-200
-206
-214
-216
-214
-210
-208
-209
-206
-207
-209
-212
-220
-215
-207
-208
-203
-219
-225
-232
-238
-235
-220
-200
-182
-172
-165
-157
-151
-140
-127
-120
-110
-105
-105
-90
-86
-72
-62
-54
-44
-34
-20
-8
4
5
2
5
18
38
50
66
67
54
57
59
85
113
139
160
173
172
160
144
130
125
122
119
113
99
89
71
45
36
19
11
3
1
6
14
23
29
34
41
44
47
58
71
77
84
92
103
134
147
150
139
137
144
155
160
161
156
147
136
120
110
105
99
101
96
75
67
49
45
46
54
64
73
79
81
84
86
89
94
106
122
134
142
142
139
164
179
198
207
205
191
176
172
