188
188
188
188
188
188
188
188
188
188
188
188
188
188
188
188
188
188
188
188
188
194
188
173
157
144
136
132
128
125
112
125
131
141
149
155
157
151
143
131
124
123
130
138
137
129
111
96
77
52
53
54
67
83
92
92
87
81
80
80
81
80
67
52
43
43
50
51
38
51
61
76
89
95
103
116
126
135
141
147
154
158
152
144
129
119
118
113
128
135
141
138
129
121
120
119
121
131
135
143
143
138
125
108
94
85
74
87
95
95
93
88
83
76
66
53
44
39
36
30
33
47
60
67
72
66
74
70
62
48
44
44
49
54
60
65
68
65
53
35
25
16
7
-2
-29
-42
-59
-66
-70
-75
-83
-89
-93
-90
-81
-73
-65
-60
-70
-85
-105
-121
-131
-145
-134
-136
-137
-135
-127
-126
-126
-123
-119
-113
-110
-109
-112
-123
-140
-161
-171
-169
-184
-184
-192
-189
-177
-168
-166
-170
-167
-159
-153
-159
-175
-192
-205
-217
-233
-237
-221
-211
-181
-159
-143
-135
-137
-142
-149
-152
-150
-145
-147
-153
-158
-162
-161
-162
-162
-158
-161
-147
-141
-140
-140
-135
-129
-121
-117
-126
-137
-134
-118
-99
-81
-58
-41
-22
3
13
30
39
44
53
63
75
88
101
113
122
123
121
124
122
125
121
122
133
130
139
139
135
130
124
108
90
75
59
50
53
66
81
91
98
96
87
85
71
69
56
47
37
36
34
38
50
62
68
67
67
72
85
103
107
97
79
46
36
35
40
52
75
101
121
130
128
117
103
98
100
94
90
80
77
88
83
84
74
61
51
47
42
32
19
10
8
7
5
2
-4
-12
-29
-47
-47
-50
-34
-32
-38
-49
-66
-85
-98
-111
-127
-144
-150
-142
-125
-115
-113
-118
-123
-118
-123
-117
-120
-117
-108
-94
-74
-58
-46
-41
-46
-49
-50
-47
-42
-28
-21
-22
-15
-24
-17
-18
-14
-14
-18
-25
-33
-35
-32
-26
-21
-13
-5
7
16
11
-4
-2
-9
-4
-7
-11
-14
-11
-3
5
12
14
16
17
23
30
30
24
14
5
9
-3
-1
4
27
49
64
68
64
58
54
48
32
14
1
-10
-7
-7
-18
-20
-38
-39
-39
-41
-43
-45
-51
-53
-53
-60
-68
-72
-72
-72
-78
-80
-86
-95
-91
-103
-101
-102
-98
-92
-89
-86
-86
-83
-76
-68
-68
-82
-94
-93
-77
-70
-76
-85
-107
-109
-107
-98
-91
-88
-87
-86
-85
-87
-96
-111
-133
-151
-166
-162
-155
-149
-122
-108
-84
-79
-81
-86
-84
-76
-66
-58
-59
-59
-60
-58
-64
-71
-72
-71
-62
-34
-25
-11
-6
-3
-5
-7
