90
90
90
90
90
90
90
90
90
90
90
90
90
90
90
90
90
90
90
90
90
91
81
76
80
85
89
99
106
104
97
93
92
99
104
115
126
135
167
181
191
191
184
169
154
147
150
162
170
168
160
156
161
165
173
174
160
160
141
126
109
89
60
27
-2
-25
-40
-48
-56
-60
-61
-58
-60
-69
-91
-115
-108
-104
-95
-86
-80
-76
-77
-77
-77
-72
-65
-55
-49
-46
-44
-36
-21
-9
-9
4
6
11
16
19
15
0
-14
-21
-13
1
13
20
26
32
37
39
34
31
67
101
132
159
193
230
265
299
316
318
313
307
301
294
289
280
277
276
268
279
277
281
286
296
302
304
308
315
326
337
343
346
350
363
377
391
402
399
406
391
374
354
331
304
279
258
237
211
182
160
138
122
112
99
85
64
26
4
-36
-78
-112
-137
-150
-163
-181
-204
-217
-217
-204
-191
-188
-191
-194
-199
-218
-255
-263
-267
-261
-255
-255
-259
-262
-265
-267
-265
-261
-256
-249
-238
-230
-227
-222
-220
-234
-241
-264
-289
-309
-323
-326
-323
-325
-329
-331
-329
-325
-326
-333
-337
-337
-331
-320
-328
-332
-344
-352
-361
-370
-378
-388
-390
-380
-365
-352
-344
-337
-331
-318
-304
-290
-278
-282
-274
-279
-285
-288
-287
-280
-267
-256
-251
-256
-274
-291
-297
-280
-258
-248
-248
-254
-277
-278
-283
-277
-266
-248
-225
-203
-188
-177
-171
-172
-177
-180
-174
-162
-155
-153
-152
-159
-141
-126
-108
-98
-98
-99
-94
-85
-79
-74
-73
-79
-71
-51
-26
0
23
34
27
47
64
82
98
105
103
89
76
59
47
41
37
39
42
49
54
61
66
57
64
64
68
68
69
69
68
71
68
59
46
37
31
23
18
5
-13
-31
-56
-58
-65
-70
-76
-77
-74
-72
-73
-76
-83
-84
-77
-67
-61
-56
-55
-53
-47
-58
-55
-55
-46
-45
-55
-68
-87
-106
-132
-150
-155
-153
-147
-144
-145
-144
-143
-135
-136
-117
-114
-114
-109
-95
-84
-82
-81
-83
-88
-88
-76
-59
-42
-31
-26
-24
-19
-24
-13
-9
-4
1
7
19
30
42
58
75
90
102
108
117
125
127
129
141
138
142
130
123
127
130
139
147
157
163
157
142
132
137
154
171
175
164
160
150
156
147
133
125
120
111
101
98
103
113
123
127
125
117
108
93
81
86
87
104
110
112
112
124
148
174
192
201
202
199
201
203
206
209
207
198
195
176
168
160
154
146
140
139
141
147
154
157
154
155
158
161
164
154
135
122
105
113
120
132
143
144
137
128
122
120
126
128
121
103
75
54
59
84
