144
144
144
144
144
144
144
144
144
144
144
144
144
144
144
144
144
144
144
144
144
144
155
163
170
171
165
154
139
120
101
88
77
63
45
27
24
23
20
33
32
44
58
69
78
78
79
76
79
83
86
85
82
86
97
113
120
118
128
117
112
104
96
89
83
76
62
42
19
1
-6
-9
-12
-21
-24
-28
-38
-38
-55
-63
-71
-72
-64
-51
-38
-32
-27
-26
-31
-47
-68
-81
-84
-69
-59
-55
-39
-41
-41
-45
-49
-53
-57
-59
-62
-62
-60
-55
-52
-50
-51
-55
-54
-62
-73
-65
-78
-95
-117
-125
-118
-102
-83
-65
-47
-30
-11
-6
-15
-19
-17
-3
6
5
22
27
38
43
38
29
20
11
5
-2
-13
-27
-41
-46
-44
-40
-31
-27
-35
-26
-35
-44
-48
-46
-38
-30
-20
-11
-7
-8
-5
4
10
6
-4
3
8
1
10
6
6
4
3
1
-6
-14
-17
-13
-3
6
13
17
27
35
44
45
34
40
39
42
40
40
44
47
56
72
87
101
106
111
112
105
83
60
39
23
29
18
4
-11
-26
-36
-46
-66
-91
-110
-117
-118
-122
-134
-150
-167
-179
-196
-222
-222
-221
-212
-214
-222
-226
-224
-215
-208
-207
-215
-222
-223
-211
-193
-177
-163
-160
-167
-159
-162
-163
-160
-150
-141
-137
-144
-155
-159
-157
-150
-150
-156
-160
-162
-160
-168
-180
-171
-166
-160
-157
-151
-142
-129
-120
-116
-104
-96
-93
-93
-86
-70
-52
-32
-20
-22
-4
4
15
24
35
51
69
88
106
121
134
142
138
123
102
84
81
91
96
113
108
94
71
49
35
28
26
32
34
32
19
2
-15
-26
-37
-42
-48
-66
-74
-88
-89
-85
-81
-78
-75
-75
-77
-78
-80
-83
-85
-85
-83
-84
-89
-100
-110
-92
-76
-59
-45
-36
-30
-23
-20
-18
-17
-15
-15
-16
-13
-12
-8
2
13
10
25
31
42
51
58
65
73
84
94
95
87
76
69
67
66
65
65
67
67
90
107
114
112
112
117
123
119
108
97
85
75
74
74
78
80
82
84
70
68
59
57
59
59
57
55
53
53
58
64
64
60
55
59
56
43
27
10
23
26
25
18
14
13
12
16
26
37
46
53
51
45
37
26
20
26
26
46
51
51
47
44
44
44
40
30
13
-10
-31
-47
-53
-52
-49
-49
-46
-54
-49
-54
-54
-49
-42
-32
-19
-4
12
27
39
49
58
59
51
38
22
14
10
39
61
78
86
86
83
83
85
85
89
98
105
109
113
118
120
127
140
136
138
122
111
107
108
107
99
89
79
68
59
55
51
44
41
42
