243
243
243
243
243
243
243
243
243
243
243
243
243
243
243
243
243
243
243
243
243
255
256
251
239
221
212
206
202
197
191
186
183
187
185
170
170
154
140
129
120
112
112
118
122
120
112
100
88
77
62
44
28
16
2
10
7
14
18
22
24
21
15
12
15
19
29
40
46
52
61
81
96
90
90
67
48
34
29
27
33
40
45
43
32
27
33
40
47
51
51
41
26
36
43
52
56
63
75
84
89
89
84
77
76
67
54
36
15
3
-3
-10
2
4
3
-2
-11
-25
-39
-45
-44
-39
-38
-36
-35
-29
-26
-35
-42
-39
-37
-12
3
15
20
19
18
14
3
-10
-24
-34
-36
-33
-29
-24
-22
-21
-22
-34
-32
-37
-48
-60
-66
-66
-66
-68
-75
-78
-80
-88
-98
-96
-77
-59
-43
-38
-49
-41
-40
-36
-37
-42
-48
-57
-65
-79
-88
-91
-92
-88
-80
-71
-67
-50
-27
-19
-7
-19
-32
-43
-54
-64
-65
-54
-43
-32
-24
-18
-19
-24
-23
-16
-4
-1
-11
-3
5
20
35
44
51
53
48
38
36
40
48
62
76
86
81
69
55
33
34
24
14
8
8
8
5
-5
-15
-24
-27
-24
-20
-22
-21
-23
-21
-16
-22
-10
-12
-13
-12
-14
-17
-18
-9
17
53
86
104
111
110
113
111
112
113
101
107
102
101
98
94
89
88
83
71
62
54
46
47
48
52
53
55
55
37
33
19
5
-5
-10
-10
-9
-9
-13
-15
-17
-17
-22
-28
-18
-2
5
0
-26
-33
-44
-50
-50
-48
-49
-51
-51
-45
-41
-42
-49
-58
-68
-81
-93
-104
-111
-127
-126
-131
-134
-141
-148
-157
-164
-167
-167
-153
-129
-101
-81
-68
-59
-59
-62
-74
-112
-126
-130
-115
-92
-72
-61
-53
-44
-37
-38
-43
-50
-59
-62
-53
-50
-56
-58
-66
-45
-24
-8
-7
-15
-23
-30
-31
-38
-57
-75
-87
-97
-111
-119
-128
-139
-142
-151
-141
-141
-138
-126
-109
-93
-87
-82
-81
-70
-60
-56
-63
-75
-84
-90
-100
-109
-126
-114
-98
-77
-68
-67
-74
-85
-99
-115
-123
-122
-116
-106
-90
-78
-80
-91
-100
-124
-135
-162
-182
-190
-189
-180
-180
-175
-167
-156
-143
-129
-116
-108
-95
-83
-75
-63
-64
-48
-46
-42
-40
-38
-37
-35
-26
-16
-6
5
21
37
55
68
63
51
47
30
25
8
-8
-29
-48
-52
-45
-40
-42
-39
-31
-25
-20
-15
-9
-2
6
21
14
18
10
1
-3
-9
-21
-22
-16
-8
0
9
22
36
53
72
85
92
103
92
94
95
103
116
128
140
152
157
154
153
160
178
190
194
191
174
148
134
110
