69
69
69
69
69
69
69
69
69
69
69
69
69
69
69
69
69
69
69
69
69
80
89
95
99
95
106
98
82
67
60
60
68
72
67
59
51
51
53
52
52
50
49
55
50
52
34
6
-25
-53
-72
-83
-91
-94
-93
-90
-85
-88
-95
-102
-113
-129
-143
-160
-148
-142
-135
-125
-113
-108
-115
-124
-132
-134
-136
-134
-126
-114
-95
-72
-47
-22
-10
14
25
37
44
48
52
55
54
49
44
41
43
47
49
52
44
31
34
38
62
79
91
100
109
115
114
114
113
117
124
130
135
143
153
152
139
124
99
100
96
94
90
88
90
97
107
119
129
141
160
182
196
203
197
182
173
159
173
185
195
201
200
192
176
157
135
118
101
83
62
41
24
6
-10
-21
-48
-62
-80
-96
-109
-122
-137
-151
-163
-177
-196
-224
-254
-280
-298
-308
-314
-321
-321
-337
-334
-340
-349
-346
-334
-314
-295
-284
-293
-305
-305
-289
-270
-259
-244
-235
-228
-215
-218
-210
-217
-222
-216
-198
-179
-167
-163
-167
-177
-196
-218
-230
-233
-228
-232
-247
-254
-267
-253
-244
-239
-240
-244
-246
-240
-231
-225
-219
-212
-204
-198
-199
-192
-186
-175
-154
-156
-150
-160
-170
-175
-166
-159
-154
-150
-144
-135
-126
-126
-132
-144
-147
-151
-153
-142
-145
-138
-139
-137
-134
-126
-109
-94
-81
-70
-65
-71
-83
-98
-105
-101
-98
-98
-86
-83
-62
-47
-29
-12
1
9
9
3
-4
-8
-10
-10
-10
-11
-9
-2
9
30
31
35
28
18
8
-1
-9
-11
-5
2
4
-3
-10
-14
-14
-7
-5
-11
-3
-7
3
7
6
1
1
8
28
40
40
39
38
44
54
61
67
66
68
81
85
99
111
123
133
145
157
159
155
149
144
140
145
153
164
170
162
143
136
124
134
145
160
167
163
139
111
91
74
58
42
37
37
33
31
23
12
10
-13
-25
-33
-27
-12
1
5
1
-9
-22
-30
-26
-12
10
29
52
62
58
59
51
57
66
82
102
118
129
138
144
143
144
149
155
165
169
168
160
142
140
135
144
149
150
157
166
175
177
167
155
150
160
175
187
193
199
196
185
189
178
179
178
173
166
157
149
148
148
152
147
130
114
107
111
131
143
139
137
110
93
80
72
64
57
45
21
-3
-23
-33
-39
-41
-40
-43
-43
-50
-60
-51
-60
-64
-63
-47
-18
11
34
48
53
55
56
52
45
39
33
37
40
35
44
39
47
59
70
75
75
69
67
68
71
76
80
81
78
71
66
59
49
58
45
39
36
38
38
37
34
28
26
29
42
