83
83
83
83
83
83
83
83
83
83
83
83
83
83
83
83
83
83
83
83
83
76
76
76
77
78
79
85
85
86
95
86
87
70
46
22
0
-24
-47
-59
-63
-60
-59
-66
-81
-95
-93
-82
-71
-59
-67
-66
-73
-81
-87
-89
-85
-83
-83
-85
-87
-86
-80
-72
-61
-46
-37
-38
-35
-49
-45
-46
-50
-53
-40
-13
20
46
57
63
61
59
56
53
55
59
57
67
69
82
85
88
91
93
92
89
88
88
85
83
81
85
100
120
122
107
88
52
37
24
11
-12
-27
-29
-19
-6
3
8
10
16
23
33
49
59
66
87
96
109
108
102
96
95
97
100
99
94
95
99
98
89
75
69
66
62
66
50
45
33
22
14
4
-8
-18
-13
-1
9
19
29
42
56
67
65
54
58
48
46
37
36
41
52
62
70
75
75
78
85
98
111
112
104
88
63
57
35
27
19
14
13
13
9
5
10
23
40
52
61
64
64
73
79
77
83
77
85
87
87
85
86
91
97
94
80
65
61
66
74
72
60
35
10
5
-12
-7
-2
3
6
10
5
-5
-10
-14
-12
-3
4
3
-5
0
-1
-8
-1
-7
1
8
12
9
-1
-11
-21
-28
-32
-37
-45
-49
-45
-44
-43
-53
-70
-70
-78
-73
-66
-55
-45
-29
-14
-7
-3
1
8
13
24
40
55
73
78
71
72
63
67
76
86
99
101
92
81
72
69
66
59
45
35
29
36
36
27
32
23
28
34
38
37
37
35
30
24
18
10
-2
-14
-17
-22
-19
-16
-17
3
11
22
23
18
7
-5
-18
-31
-41
-41
-37
-39
-45
-51
-60
-68
-83
-103
-104
-119
-117
-112
-101
-90
-80
-72
-64
-59
-62
-69
-67
-56
-39
-32
-29
-31
-40
-27
-34
-46
-58
-64
-58
-43
-20
-1
13
23
33
37
34
28
20
22
18
4
3
-7
-4
6
21
27
14
-7
-14
-7
1
5
0
-8
-17
-23
-24
-30
-44
-32
-22
-5
3
1
-4
-12
-26
-41
-53
-55
-49
-41
-37
-38
-46
-52
-60
-72
-64
-69
-69
-66
-57
-42
-29
-23
-21
-17
-14
-18
-23
-29
-28
-29
-28
-39
-62
-63
-70
-67
-64
-66
-74
-88
-103
-114
-124
-134
-141
-145
-146
-150
-161
-168
-174
-173
-149
-136
-128
-129
-126
-118
-113
-114
-122
-132
-142
-140
-127
-109
-89
-74
-53
-40
-37
-18
-14
-13
-26
-43
-50
-53
-53
-49
-38
-32
-25
-18
-12
-5
-3
-2
-4
-12
1
-2
-10
-19
-28
-27
-23
-21
-23
-19
-12
-3
3
-1
-15
-29
-29
-27
-39
-31
-28
-15
-3
1
0
