-221
-221
-221
-221
-221
-221
-221
-221
-221
-221
-221
-221
-221
-221
-221
-221
-221
-221
-221
-221
-221
-236
-245
-257
-261
-255
-246
-236
-237
-246
-234
-223
-199
-174
-155
-150
-149
-149
-143
-135
-131
-133
-142
-150
-157
-162
-161
-167
-198
-214
-240
-253
-260
-261
-259
-254
-244
-235
-231
-236
-244
-257
-266
-270
-280
-287
-290
-300
-293
-299
-303
-305
-304
-303
-304
-304
-302
-301
-294
-281
-263
-245
-230
-221
-211
-205
-218
-219
-230
-230
-221
-208
-198
-191
-185
-176
-161
-147
-135
-128
-128
-132
-140
-146
-151
-154
-128
-119
-111
-104
-98
-86
-63
-33
-9
3
6
6
4
3
1
-5
-3
0
-5
11
25
49
75
97
110
116
111
107
113
128
150
172
192
214
230
237
235
231
259
282
308
333
352
357
356
352
348
340
319
299
287
278
262
236
206
176
141
126
99
74
46
15
-10
-38
-71
-102
-127
-154
-182
-210
-242
-279
-311
-322
-319
-324
-317
-315
-311
-314
-317
-316
-312
-299
-276
-251
-250
-262
-269
-253
-216
-177
-143
-118
-108
-83
-66
-51
-44
-38
-26
-9
6
19
21
20
22
32
37
37
30
26
23
6
-3
-25
-46
-70
-89
-101
-117
-129
-138
-139
-138
-144
-152
-154
-151
-146
-140
-135
-143
-134
-137
-145
-157
-173
-178
-168
-150
-130
-112
-100
-92
-89
-87
-78
-69
-58
-43
-40
-24
-18
-13
-6
-1
-2
-11
-28
-42
-46
-45
-35
-22
-14
-17
-35
-61
-76
-97
-96
-97
-91
-83
-77
-70
-61
-59
-63
-67
-65
-55
-41
-29
-25
-30
-32
-18
-3
30
48
59
69
77
81
84
79
75
86
115
153
189
217
240
250
258
274
284
312
328
332
327
319
311
307
305
309
309
304
296
289
283
280
274
264
256
234
221
202
190
185
182
179
172
161
141
120
109
108
105
97
89
76
64
57
32
27
11
4
3
9
14
15
13
18
34
62
90
103
102
97
88
78
77
60
61
60
63
70
83
94
101
113
127
146
162
178
179
167
152
129
101
90
82
98
102
95
96
110
133
147
162
182
201
211
209
198
182
167
160
157
164
164
183
197
216
232
246
258
263
263
257
244
220
203
197
194
200
207
214
224
217
226
231
238
249
265
279
291
294
285
269
251
243
247
254
259
251
243
251
247
256
253
243
225
204
184
172
174
188
201
200
187
161
133
114
96
77
72
57
52
44
47
59
72
79
79
75
64
52
41
32
20
3
-11
-23
-23
-7
-5
5
-2
-19
-33
-41
-44
-49
-54
-65
-77
-87
-91
-92
-89
-78
-67
-58
-42
-42
-29
-16
1
12
15
22
