15
15
15
15
15
15
15
15
15
15
15
15
15
15
15
15
15
15
15
15
15
26
38
43
43
36
22
16
21
34
43
44
33
13
21
29
29
21
15
11
8
8
12
14
19
23
25
25
24
19
14
17
17
32
32
29
25
30
43
59
67
62
46
25
9
-8
-24
-37
-46
-61
-72
-89
-81
-74
-69
-73
-81
-91
-95
-96
-98
-106
-120
-133
-140
-139
-132
-127
-120
-109
-111
-99
-100
-98
-90
-81
-73
-64
-50
-40
-31
-19
1
20
36
52
67
85
114
120
139
149
158
163
161
150
133
121
119
126
133
140
150
163
179
189
195
205
205
226
242
257
271
282
291
303
309
304
290
283
292
308
320
329
334
327
322
295
278
255
240
234
234
227
215
198
169
131
91
51
5
-29
-38
-40
-48
-57
-92
-119
-152
-175
-190
-200
-208
-219
-234
-255
-277
-299
-314
-322
-326
-327
-331
-340
-332
-332
-319
-320
-327
-338
-352
-366
-376
-376
-365
-348
-337
-332
-334
-336
-329
-318
-317
-312
-314
-293
-274
-259
-250
-254
-268
-283
-285
-272
-250
-236
-230
-225
-223
-223
-226
-227
-207
-200
-181
-178
-179
-181
-187
-193
-205
-214
-217
-215
-212
-208
-204
-203
-201
-208
-223
-226
-245
-240
-231
-209
-187
-174
-172
-174
-170
-163
-151
-141
-133
-125
-128
-138
-155
-180
-190
-210
-211
-222
-233
-250
-267
-273
-266
-252
-241
-236
-235
-229
-212
-190
-166
-149
-137
-115
-112
-99
-99
-98
-94
-88
-76
-68
-58
-56
-56
-53
-43
-25
-7
16
31
29
39
44
73
98
119
134
147
161
170
181
187
195
201
206
217
238
257
256
235
234
223
226
225
228
234
238
241
243
244
244
246
252
255
256
249
244
240
238
248
242
246
246
245
240
232
220
202
186
172
160
147
137
130
127
133
136
138
157
165
179
180
171
154
136
120
103
86
72
65
60
50
38
30
29
26
24
44
54
68
77
88
99
101
96
85
76
69
68
70
74
77
76
71
57
41
53
59
80
86
81
75
74
74
77
77
73
63
40
12
-12
-24
-18
-18
-30
-33
-57
-69
-73
-73
-68
-66
-66
-70
-68
-63
-57
-52
-48
-42
-37
-27
-31
-42
-35
-44
-49
-57
-64
-69
-70
-65
-57
-51
-45
-47
-51
-56
-60
-67
-65
-65
-67
-48
-41
-28
-21
-14
-12
-18
-22
-27
-29
-27
-23
-17
-13
-10
-14
-17
-21
-26
-15
-14
-2
9
18
21
14
8
11
26
47
63
76
86
91
94
100
101
100
125
146
178
201
211
215
217
219
219
221
225
231
234
241
249
250
248
243
235
246
232
212
195
