10
10
10
10
10
10
10
10
10
10
10
10
10
10
10
10
10
10
10
10
10
3
-8
-21
-30
-32
-29
-17
-5
2
8
16
19
22
12
-7
-5
-7
11
23
28
30
34
41
48
48
39
28
13
-7
-25
-44
-59
-79
-96
-91
-93
-89
-93
-96
-88
-72
-66
-66
-62
-55
-47
-40
-32
-22
-14
2
10
10
22
14
13
5
-5
-17
-23
-25
-22
-12
4
18
24
27
29
30
48
69
90
121
136
156
175
197
206
189
165
150
146
147
150
153
147
138
119
103
86
71
75
66
69
69
65
54
41
28
21
26
43
60
77
96
118
132
146
150
149
169
184
209
220
226
242
270
303
335
362
378
382
377
370
361
350
347
340
324
314
281
255
235
224
221
212
193
169
150
138
120
100
83
73
58
39
17
-3
3
8
21
23
10
-9
-21
-29
-32
-36
-45
-57
-69
-76
-83
-96
-104
-111
-126
-123
-134
-135
-136
-136
-130
-123
-124
-134
-139
-136
-128
-122
-116
-112
-110
-99
-85
-78
-64
-62
-55
-52
-46
-44
-48
-49
-50
-45
-45
-51
-55
-47
-37
-31
-21
-16
-21
-20
-34
-34
-27
-19
-9
-3
3
5
1
-7
-18
-30
-40
-45
-46
-36
-25
-20
-3
-5
-14
-34
-52
-75
-95
-112
-123
-133
-144
-147
-140
-126
-108
-86
-56
-43
-56
-67
-85
-92
-102
-114
-127
-135
-136
-137
-141
-139
-131
-123
-117
-112
-109
-101
-93
-94
-79
-84
-99
-123
-147
-164
-173
-175
-170
-160
-148
-142
-138
-137
-131
-122
-114
-113
-116
-109
-117
-123
-130
-133
-138
-139
-132
-117
-93
-66
-46
-34
-25
-15
-7
1
-2
-13
-6
-8
-5
-2
8
16
16
16
17
26
40
55
68
76
78
72
71
66
55
58
49
40
26
16
10
2
-7
-5
2
4
4
1
0
5
10
10
0
-23
-24
-30
-37
-51
-73
-88
-91
-90
-92
-97
-98
-93
-82
-73
-60
-52
-43
-38
-44
-33
-32
-23
-12
-1
4
4
-1
-8
-9
-2
11
29
56
83
91
86
78
65
77
78
72
50
30
19
21
31
40
42
37
34
33
28
17
1
-6
-4
-7
10
9
-2
-28
-57
-77
-86
-86
-78
-64
-51
-42
-43
-48
-52
-58
-60
-66
-82
-76
-71
-58
-38
-26
-19
-16
-10
-5
7
22
31
40
43
39
31
22
13
-9
-3
-7
-14
-14
-4
9
25
37
45
47
45
40
32
21
13
-6
-22
-28
-34
-20
-20
-19
-19
-25
-27
-34
-43
-50
-53
-51
-46
-43
-41
-37
-29
-18
-1
5
21
22
21
16
14
9
0
-7
-21
-29
-27
-10
19
45
67
87
108
124
123
